# first_id = 0
# n = 4096
# dimensions = [4096]
# last_id = 4095
# runtime = 500
0.0	532.0
3.0	532.0
7.0	532.0
23.0	532.0
51.0	532.0
84.0	532.0
116.0	532.0
148.0	532.0
184.0	532.0
216.0	532.0
249.0	532.0
280.0	532.0
315.0	532.0
346.0	532.0
379.0	532.0
415.0	532.0
448.0	532.0
478.0	532.0
0.0	533.0
3.0	533.0
7.0	533.0
23.0	533.0
51.0	533.0
84.0	533.0
116.0	533.0
148.0	533.0
184.0	533.0
216.0	533.0
249.0	533.0
280.0	533.0
315.0	533.0
346.0	533.0
379.0	533.0
415.0	533.0
448.0	533.0
478.0	533.0
0.0	534.0
3.0	534.0
7.0	534.0
23.0	534.0
51.0	534.0
84.0	534.0
116.0	534.0
148.0	534.0
184.0	534.0
216.0	534.0
249.0	534.0
280.0	534.0
315.0	534.0
346.0	534.0
379.0	534.0
415.0	534.0
448.0	534.0
478.0	534.0
0.0	535.0
3.0	535.0
7.0	535.0
23.0	535.0
51.0	535.0
84.0	535.0
116.0	535.0
148.0	535.0
184.0	535.0
216.0	535.0
249.0	535.0
280.0	535.0
315.0	535.0
346.0	535.0
379.0	535.0
415.0	535.0
448.0	535.0
478.0	535.0
0.0	536.0
3.0	536.0
7.0	536.0
23.0	536.0
51.0	536.0
84.0	536.0
116.0	536.0
148.0	536.0
184.0	536.0
216.0	536.0
249.0	536.0
280.0	536.0
315.0	536.0
346.0	536.0
379.0	536.0
415.0	536.0
448.0	536.0
478.0	536.0
0.0	537.0
3.0	537.0
7.0	537.0
23.0	537.0
51.0	537.0
84.0	537.0
116.0	537.0
148.0	537.0
184.0	537.0
216.0	537.0
249.0	537.0
280.0	537.0
315.0	537.0
346.0	537.0
379.0	537.0
415.0	537.0
448.0	537.0
478.0	537.0
0.0	538.0
3.0	538.0
7.0	538.0
23.0	538.0
51.0	538.0
84.0	538.0
116.0	538.0
148.0	538.0
184.0	538.0
216.0	538.0
249.0	538.0
280.0	538.0
315.0	538.0
346.0	538.0
379.0	538.0
415.0	538.0
448.0	538.0
478.0	538.0
0.0	539.0
3.0	539.0
7.0	539.0
23.0	539.0
51.0	539.0
84.0	539.0
116.0	539.0
148.0	539.0
184.0	539.0
216.0	539.0
249.0	539.0
280.0	539.0
315.0	539.0
346.0	539.0
379.0	539.0
415.0	539.0
448.0	539.0
478.0	539.0
0.0	540.0
3.0	540.0
7.0	540.0
23.0	540.0
51.0	540.0
84.0	540.0
116.0	540.0
148.0	540.0
184.0	540.0
216.0	540.0
249.0	540.0
280.0	540.0
315.0	540.0
346.0	540.0
379.0	540.0
415.0	540.0
448.0	540.0
478.0	540.0
0.0	541.0
3.0	541.0
7.0	541.0
23.0	541.0
51.0	541.0
84.0	541.0
116.0	541.0
147.0	541.0
184.0	541.0
216.0	541.0
249.0	541.0
280.0	541.0
315.0	541.0
346.0	541.0
379.0	541.0
414.0	541.0
448.0	541.0
478.0	541.0
0.0	596.0
3.0	596.0
7.0	596.0
23.0	596.0
51.0	596.0
84.0	596.0
116.0	596.0
148.0	596.0
184.0	596.0
216.0	596.0
249.0	596.0
280.0	596.0
315.0	596.0
346.0	596.0
379.0	596.0
415.0	596.0
448.0	596.0
478.0	596.0
0.0	597.0
3.0	597.0
7.0	597.0
23.0	597.0
51.0	597.0
84.0	597.0
116.0	597.0
148.0	597.0
184.0	597.0
216.0	597.0
249.0	597.0
280.0	597.0
315.0	597.0
346.0	597.0
379.0	597.0
415.0	597.0
448.0	597.0
478.0	597.0
0.0	598.0
3.0	598.0
7.0	598.0
23.0	598.0
51.0	598.0
84.0	598.0
116.0	598.0
148.0	598.0
184.0	598.0
216.0	598.0
249.0	598.0
280.0	598.0
315.0	598.0
346.0	598.0
379.0	598.0
415.0	598.0
448.0	598.0
478.0	598.0
0.0	599.0
3.0	599.0
7.0	599.0
23.0	599.0
51.0	599.0
84.0	599.0
116.0	599.0
148.0	599.0
184.0	599.0
216.0	599.0
249.0	599.0
280.0	599.0
315.0	599.0
346.0	599.0
379.0	599.0
415.0	599.0
448.0	599.0
478.0	599.0
0.0	600.0
3.0	600.0
7.0	600.0
23.0	600.0
51.0	600.0
84.0	600.0
116.0	600.0
148.0	600.0
184.0	600.0
216.0	600.0
249.0	600.0
280.0	600.0
315.0	600.0
346.0	600.0
379.0	600.0
415.0	600.0
448.0	600.0
478.0	600.0
0.0	601.0
3.0	601.0
7.0	601.0
23.0	601.0
51.0	601.0
84.0	601.0
116.0	601.0
148.0	601.0
184.0	601.0
216.0	601.0
249.0	601.0
280.0	601.0
315.0	601.0
346.0	601.0
379.0	601.0
415.0	601.0
448.0	601.0
478.0	601.0
0.0	602.0
3.0	602.0
7.0	602.0
23.0	602.0
51.0	602.0
84.0	602.0
116.0	602.0
148.0	602.0
184.0	602.0
216.0	602.0
249.0	602.0
280.0	602.0
315.0	602.0
346.0	602.0
379.0	602.0
415.0	602.0
448.0	602.0
478.0	602.0
0.0	603.0
3.0	603.0
7.0	603.0
23.0	603.0
51.0	603.0
84.0	603.0
116.0	603.0
148.0	603.0
184.0	603.0
216.0	603.0
249.0	603.0
280.0	603.0
315.0	603.0
346.0	603.0
379.0	603.0
415.0	603.0
448.0	603.0
478.0	603.0
0.0	604.0
3.0	604.0
7.0	604.0
23.0	604.0
51.0	604.0
84.0	604.0
116.0	604.0
148.0	604.0
184.0	604.0
216.0	604.0
249.0	604.0
280.0	604.0
315.0	604.0
346.0	604.0
379.0	604.0
415.0	604.0
448.0	604.0
478.0	604.0
0.0	605.0
3.0	605.0
7.0	605.0
23.0	605.0
51.0	605.0
84.0	605.0
116.0	605.0
147.0	605.0
184.0	605.0
216.0	605.0
249.0	605.0
280.0	605.0
315.0	605.0
346.0	605.0
379.0	605.0
414.0	605.0
448.0	605.0
478.0	605.0
0.0	660.0
3.0	660.0
7.0	660.0
23.0	660.0
51.0	660.0
84.0	660.0
116.0	660.0
148.0	660.0
184.0	660.0
216.0	660.0
249.0	660.0
280.0	660.0
315.0	660.0
346.0	660.0
379.0	660.0
415.0	660.0
448.0	660.0
478.0	660.0
0.0	661.0
3.0	661.0
7.0	661.0
23.0	661.0
51.0	661.0
84.0	661.0
116.0	661.0
148.0	661.0
184.0	661.0
216.0	661.0
249.0	661.0
280.0	661.0
315.0	661.0
346.0	661.0
379.0	661.0
415.0	661.0
448.0	661.0
478.0	661.0
0.0	662.0
3.0	662.0
7.0	662.0
23.0	662.0
51.0	662.0
84.0	662.0
116.0	662.0
148.0	662.0
184.0	662.0
216.0	662.0
249.0	662.0
280.0	662.0
315.0	662.0
346.0	662.0
379.0	662.0
415.0	662.0
448.0	662.0
478.0	662.0
0.0	663.0
3.0	663.0
7.0	663.0
23.0	663.0
51.0	663.0
84.0	663.0
116.0	663.0
148.0	663.0
184.0	663.0
216.0	663.0
249.0	663.0
280.0	663.0
315.0	663.0
346.0	663.0
379.0	663.0
415.0	663.0
448.0	663.0
478.0	663.0
0.0	664.0
3.0	664.0
7.0	664.0
23.0	664.0
51.0	664.0
84.0	664.0
116.0	664.0
148.0	664.0
184.0	664.0
216.0	664.0
249.0	664.0
280.0	664.0
315.0	664.0
346.0	664.0
379.0	664.0
415.0	664.0
448.0	664.0
478.0	664.0
0.0	665.0
3.0	665.0
7.0	665.0
23.0	665.0
51.0	665.0
84.0	665.0
116.0	665.0
148.0	665.0
184.0	665.0
216.0	665.0
249.0	665.0
280.0	665.0
315.0	665.0
346.0	665.0
379.0	665.0
415.0	665.0
448.0	665.0
478.0	665.0
0.0	666.0
3.0	666.0
7.0	666.0
23.0	666.0
51.0	666.0
84.0	666.0
116.0	666.0
148.0	666.0
184.0	666.0
216.0	666.0
249.0	666.0
280.0	666.0
315.0	666.0
346.0	666.0
379.0	666.0
415.0	666.0
448.0	666.0
478.0	666.0
0.0	667.0
3.0	667.0
7.0	667.0
23.0	667.0
51.0	667.0
84.0	667.0
116.0	667.0
148.0	667.0
184.0	667.0
216.0	667.0
249.0	667.0
280.0	667.0
315.0	667.0
346.0	667.0
379.0	667.0
415.0	667.0
448.0	667.0
478.0	667.0
0.0	668.0
3.0	668.0
7.0	668.0
23.0	668.0
51.0	668.0
84.0	668.0
116.0	668.0
148.0	668.0
184.0	668.0
216.0	668.0
249.0	668.0
280.0	668.0
315.0	668.0
346.0	668.0
379.0	668.0
415.0	668.0
448.0	668.0
478.0	668.0
0.0	669.0
3.0	669.0
7.0	669.0
23.0	669.0
51.0	669.0
84.0	669.0
116.0	669.0
147.0	669.0
184.0	669.0
216.0	669.0
249.0	669.0
280.0	669.0
315.0	669.0
346.0	669.0
379.0	669.0
414.0	669.0
448.0	669.0
478.0	669.0
0.0	724.0
3.0	724.0
7.0	724.0
23.0	724.0
51.0	724.0
84.0	724.0
116.0	724.0
148.0	724.0
184.0	724.0
216.0	724.0
249.0	724.0
280.0	724.0
315.0	724.0
346.0	724.0
379.0	724.0
415.0	724.0
448.0	724.0
478.0	724.0
0.0	725.0
3.0	725.0
7.0	725.0
23.0	725.0
51.0	725.0
84.0	725.0
116.0	725.0
148.0	725.0
184.0	725.0
216.0	725.0
249.0	725.0
280.0	725.0
315.0	725.0
346.0	725.0
379.0	725.0
415.0	725.0
448.0	725.0
478.0	725.0
0.0	726.0
3.0	726.0
7.0	726.0
23.0	726.0
51.0	726.0
84.0	726.0
116.0	726.0
148.0	726.0
184.0	726.0
216.0	726.0
249.0	726.0
280.0	726.0
315.0	726.0
346.0	726.0
379.0	726.0
415.0	726.0
448.0	726.0
478.0	726.0
0.0	727.0
3.0	727.0
7.0	727.0
23.0	727.0
51.0	727.0
84.0	727.0
116.0	727.0
148.0	727.0
184.0	727.0
216.0	727.0
249.0	727.0
280.0	727.0
315.0	727.0
346.0	727.0
379.0	727.0
415.0	727.0
448.0	727.0
478.0	727.0
0.0	728.0
3.0	728.0
7.0	728.0
23.0	728.0
51.0	728.0
84.0	728.0
116.0	728.0
148.0	728.0
184.0	728.0
216.0	728.0
249.0	728.0
280.0	728.0
315.0	728.0
346.0	728.0
379.0	728.0
415.0	728.0
448.0	728.0
478.0	728.0
0.0	729.0
3.0	729.0
7.0	729.0
23.0	729.0
51.0	729.0
84.0	729.0
116.0	729.0
148.0	729.0
184.0	729.0
216.0	729.0
249.0	729.0
280.0	729.0
315.0	729.0
346.0	729.0
379.0	729.0
415.0	729.0
448.0	729.0
478.0	729.0
0.0	730.0
3.0	730.0
7.0	730.0
23.0	730.0
51.0	730.0
84.0	730.0
116.0	730.0
148.0	730.0
184.0	730.0
216.0	730.0
249.0	730.0
280.0	730.0
315.0	730.0
346.0	730.0
379.0	730.0
415.0	730.0
448.0	730.0
478.0	730.0
0.0	731.0
3.0	731.0
7.0	731.0
23.0	731.0
51.0	731.0
84.0	731.0
116.0	731.0
148.0	731.0
184.0	731.0
216.0	731.0
249.0	731.0
280.0	731.0
315.0	731.0
346.0	731.0
379.0	731.0
415.0	731.0
448.0	731.0
478.0	731.0
0.0	732.0
3.0	732.0
7.0	732.0
23.0	732.0
51.0	732.0
84.0	732.0
116.0	732.0
148.0	732.0
184.0	732.0
216.0	732.0
249.0	732.0
280.0	732.0
315.0	732.0
346.0	732.0
379.0	732.0
415.0	732.0
448.0	732.0
478.0	732.0
0.0	733.0
3.0	733.0
7.0	733.0
23.0	733.0
51.0	733.0
84.0	733.0
116.0	733.0
147.0	733.0
184.0	733.0
216.0	733.0
249.0	733.0
280.0	733.0
315.0	733.0
346.0	733.0
379.0	733.0
414.0	733.0
448.0	733.0
478.0	733.0
0.0	788.0
3.0	788.0
7.0	788.0
23.0	788.0
51.0	788.0
84.0	788.0
116.0	788.0
148.0	788.0
184.0	788.0
216.0	788.0
249.0	788.0
280.0	788.0
315.0	788.0
346.0	788.0
379.0	788.0
415.0	788.0
448.0	788.0
478.0	788.0
0.0	789.0
3.0	789.0
7.0	789.0
23.0	789.0
51.0	789.0
84.0	789.0
116.0	789.0
148.0	789.0
184.0	789.0
216.0	789.0
249.0	789.0
280.0	789.0
315.0	789.0
346.0	789.0
379.0	789.0
415.0	789.0
448.0	789.0
478.0	789.0
0.0	790.0
3.0	790.0
7.0	790.0
23.0	790.0
51.0	790.0
84.0	790.0
116.0	790.0
148.0	790.0
184.0	790.0
216.0	790.0
249.0	790.0
280.0	790.0
315.0	790.0
346.0	790.0
379.0	790.0
415.0	790.0
448.0	790.0
478.0	790.0
0.0	791.0
3.0	791.0
7.0	791.0
23.0	791.0
51.0	791.0
84.0	791.0
116.0	791.0
148.0	791.0
184.0	791.0
216.0	791.0
249.0	791.0
280.0	791.0
315.0	791.0
346.0	791.0
379.0	791.0
415.0	791.0
448.0	791.0
478.0	791.0
0.0	792.0
3.0	792.0
7.0	792.0
23.0	792.0
51.0	792.0
84.0	792.0
116.0	792.0
148.0	792.0
184.0	792.0
216.0	792.0
249.0	792.0
280.0	792.0
315.0	792.0
346.0	792.0
379.0	792.0
415.0	792.0
448.0	792.0
478.0	792.0
0.0	793.0
3.0	793.0
7.0	793.0
23.0	793.0
51.0	793.0
84.0	793.0
116.0	793.0
148.0	793.0
184.0	793.0
216.0	793.0
249.0	793.0
280.0	793.0
315.0	793.0
346.0	793.0
379.0	793.0
415.0	793.0
448.0	793.0
478.0	793.0
0.0	794.0
3.0	794.0
7.0	794.0
23.0	794.0
51.0	794.0
84.0	794.0
116.0	794.0
148.0	794.0
184.0	794.0
216.0	794.0
249.0	794.0
280.0	794.0
315.0	794.0
346.0	794.0
379.0	794.0
415.0	794.0
448.0	794.0
478.0	794.0
0.0	795.0
3.0	795.0
7.0	795.0
23.0	795.0
51.0	795.0
84.0	795.0
116.0	795.0
148.0	795.0
184.0	795.0
216.0	795.0
249.0	795.0
280.0	795.0
315.0	795.0
346.0	795.0
379.0	795.0
415.0	795.0
448.0	795.0
478.0	795.0
0.0	796.0
3.0	796.0
7.0	796.0
23.0	796.0
51.0	796.0
84.0	796.0
116.0	796.0
148.0	796.0
184.0	796.0
216.0	796.0
249.0	796.0
280.0	796.0
315.0	796.0
346.0	796.0
379.0	796.0
415.0	796.0
448.0	796.0
478.0	796.0
0.0	797.0
3.0	797.0
7.0	797.0
23.0	797.0
51.0	797.0
84.0	797.0
116.0	797.0
147.0	797.0
184.0	797.0
216.0	797.0
249.0	797.0
280.0	797.0
315.0	797.0
346.0	797.0
379.0	797.0
414.0	797.0
448.0	797.0
478.0	797.0
0.0	852.0
3.0	852.0
7.0	852.0
23.0	852.0
51.0	852.0
84.0	852.0
116.0	852.0
148.0	852.0
184.0	852.0
216.0	852.0
249.0	852.0
280.0	852.0
315.0	852.0
346.0	852.0
379.0	852.0
415.0	852.0
448.0	852.0
478.0	852.0
0.0	853.0
3.0	853.0
7.0	853.0
23.0	853.0
51.0	853.0
84.0	853.0
116.0	853.0
148.0	853.0
184.0	853.0
216.0	853.0
249.0	853.0
280.0	853.0
315.0	853.0
346.0	853.0
379.0	853.0
415.0	853.0
448.0	853.0
478.0	853.0
0.0	854.0
3.0	854.0
7.0	854.0
23.0	854.0
51.0	854.0
84.0	854.0
116.0	854.0
148.0	854.0
184.0	854.0
216.0	854.0
249.0	854.0
280.0	854.0
315.0	854.0
346.0	854.0
379.0	854.0
415.0	854.0
448.0	854.0
478.0	854.0
0.0	855.0
3.0	855.0
7.0	855.0
23.0	855.0
51.0	855.0
84.0	855.0
116.0	855.0
148.0	855.0
184.0	855.0
216.0	855.0
249.0	855.0
280.0	855.0
315.0	855.0
346.0	855.0
379.0	855.0
415.0	855.0
448.0	855.0
478.0	855.0
0.0	856.0
3.0	856.0
7.0	856.0
23.0	856.0
51.0	856.0
84.0	856.0
116.0	856.0
148.0	856.0
184.0	856.0
216.0	856.0
249.0	856.0
280.0	856.0
315.0	856.0
346.0	856.0
379.0	856.0
415.0	856.0
448.0	856.0
478.0	856.0
0.0	857.0
3.0	857.0
7.0	857.0
23.0	857.0
51.0	857.0
84.0	857.0
116.0	857.0
148.0	857.0
184.0	857.0
216.0	857.0
249.0	857.0
280.0	857.0
315.0	857.0
346.0	857.0
379.0	857.0
415.0	857.0
448.0	857.0
478.0	857.0
0.0	858.0
3.0	858.0
7.0	858.0
23.0	858.0
51.0	858.0
84.0	858.0
116.0	858.0
148.0	858.0
184.0	858.0
216.0	858.0
249.0	858.0
280.0	858.0
315.0	858.0
346.0	858.0
379.0	858.0
415.0	858.0
448.0	858.0
478.0	858.0
0.0	859.0
3.0	859.0
7.0	859.0
23.0	859.0
51.0	859.0
84.0	859.0
116.0	859.0
148.0	859.0
184.0	859.0
216.0	859.0
249.0	859.0
280.0	859.0
315.0	859.0
346.0	859.0
379.0	859.0
415.0	859.0
448.0	859.0
478.0	859.0
0.0	860.0
3.0	860.0
7.0	860.0
23.0	860.0
51.0	860.0
84.0	860.0
116.0	860.0
148.0	860.0
184.0	860.0
216.0	860.0
249.0	860.0
280.0	860.0
315.0	860.0
346.0	860.0
379.0	860.0
415.0	860.0
448.0	860.0
478.0	860.0
0.0	861.0
3.0	861.0
7.0	861.0
23.0	861.0
51.0	861.0
84.0	861.0
116.0	861.0
147.0	861.0
184.0	861.0
216.0	861.0
249.0	861.0
280.0	861.0
315.0	861.0
346.0	861.0
379.0	861.0
415.0	861.0
448.0	861.0
478.0	861.0
0.0	916.0
3.0	916.0
7.0	916.0
23.0	916.0
51.0	916.0
84.0	916.0
116.0	916.0
148.0	916.0
184.0	916.0
216.0	916.0
249.0	916.0
280.0	916.0
315.0	916.0
346.0	916.0
379.0	916.0
415.0	916.0
448.0	916.0
478.0	916.0
0.0	917.0
3.0	917.0
7.0	917.0
23.0	917.0
51.0	917.0
84.0	917.0
116.0	917.0
148.0	917.0
184.0	917.0
216.0	917.0
249.0	917.0
280.0	917.0
315.0	917.0
346.0	917.0
379.0	917.0
415.0	917.0
448.0	917.0
478.0	917.0
0.0	918.0
3.0	918.0
7.0	918.0
23.0	918.0
51.0	918.0
84.0	918.0
116.0	918.0
148.0	918.0
184.0	918.0
216.0	918.0
249.0	918.0
280.0	918.0
315.0	918.0
346.0	918.0
379.0	918.0
415.0	918.0
448.0	918.0
478.0	918.0
0.0	919.0
3.0	919.0
7.0	919.0
23.0	919.0
51.0	919.0
84.0	919.0
116.0	919.0
148.0	919.0
184.0	919.0
216.0	919.0
249.0	919.0
280.0	919.0
315.0	919.0
346.0	919.0
379.0	919.0
415.0	919.0
448.0	919.0
478.0	919.0
0.0	920.0
3.0	920.0
7.0	920.0
23.0	920.0
51.0	920.0
84.0	920.0
116.0	920.0
148.0	920.0
184.0	920.0
216.0	920.0
249.0	920.0
280.0	920.0
315.0	920.0
346.0	920.0
379.0	920.0
415.0	920.0
448.0	920.0
478.0	920.0
0.0	921.0
3.0	921.0
7.0	921.0
23.0	921.0
51.0	921.0
84.0	921.0
116.0	921.0
148.0	921.0
184.0	921.0
216.0	921.0
249.0	921.0
280.0	921.0
315.0	921.0
346.0	921.0
379.0	921.0
415.0	921.0
448.0	921.0
478.0	921.0
0.0	922.0
3.0	922.0
7.0	922.0
23.0	922.0
51.0	922.0
84.0	922.0
116.0	922.0
148.0	922.0
184.0	922.0
216.0	922.0
249.0	922.0
280.0	922.0
315.0	922.0
346.0	922.0
379.0	922.0
415.0	922.0
448.0	922.0
478.0	922.0
0.0	923.0
3.0	923.0
7.0	923.0
23.0	923.0
51.0	923.0
84.0	923.0
116.0	923.0
148.0	923.0
184.0	923.0
216.0	923.0
249.0	923.0
280.0	923.0
315.0	923.0
346.0	923.0
379.0	923.0
415.0	923.0
448.0	923.0
478.0	923.0
0.0	924.0
3.0	924.0
7.0	924.0
23.0	924.0
51.0	924.0
84.0	924.0
116.0	924.0
148.0	924.0
184.0	924.0
216.0	924.0
249.0	924.0
280.0	924.0
315.0	924.0
346.0	924.0
379.0	924.0
415.0	924.0
448.0	924.0
478.0	924.0
0.0	925.0
3.0	925.0
7.0	925.0
23.0	925.0
51.0	925.0
84.0	925.0
116.0	925.0
147.0	925.0
184.0	925.0
216.0	925.0
249.0	925.0
280.0	925.0
315.0	925.0
346.0	925.0
379.0	925.0
415.0	925.0
448.0	925.0
478.0	925.0
0.0	980.0
3.0	980.0
7.0	980.0
23.0	980.0
51.0	980.0
84.0	980.0
116.0	980.0
148.0	980.0
184.0	980.0
216.0	980.0
249.0	980.0
280.0	980.0
315.0	980.0
346.0	980.0
379.0	980.0
415.0	980.0
448.0	980.0
478.0	980.0
0.0	981.0
3.0	981.0
7.0	981.0
23.0	981.0
51.0	981.0
84.0	981.0
116.0	981.0
148.0	981.0
184.0	981.0
216.0	981.0
249.0	981.0
280.0	981.0
315.0	981.0
346.0	981.0
379.0	981.0
415.0	981.0
448.0	981.0
478.0	981.0
0.0	982.0
3.0	982.0
7.0	982.0
23.0	982.0
51.0	982.0
84.0	982.0
116.0	982.0
148.0	982.0
184.0	982.0
216.0	982.0
249.0	982.0
280.0	982.0
315.0	982.0
346.0	982.0
379.0	982.0
415.0	982.0
448.0	982.0
478.0	982.0
0.0	983.0
3.0	983.0
7.0	983.0
23.0	983.0
51.0	983.0
84.0	983.0
116.0	983.0
148.0	983.0
184.0	983.0
216.0	983.0
249.0	983.0
280.0	983.0
315.0	983.0
346.0	983.0
379.0	983.0
415.0	983.0
448.0	983.0
478.0	983.0
0.0	984.0
3.0	984.0
7.0	984.0
23.0	984.0
51.0	984.0
84.0	984.0
116.0	984.0
148.0	984.0
184.0	984.0
216.0	984.0
249.0	984.0
280.0	984.0
315.0	984.0
346.0	984.0
379.0	984.0
415.0	984.0
448.0	984.0
478.0	984.0
0.0	985.0
3.0	985.0
7.0	985.0
23.0	985.0
51.0	985.0
84.0	985.0
116.0	985.0
148.0	985.0
184.0	985.0
216.0	985.0
249.0	985.0
280.0	985.0
315.0	985.0
346.0	985.0
379.0	985.0
415.0	985.0
448.0	985.0
478.0	985.0
0.0	986.0
3.0	986.0
7.0	986.0
23.0	986.0
51.0	986.0
84.0	986.0
116.0	986.0
148.0	986.0
184.0	986.0
216.0	986.0
249.0	986.0
280.0	986.0
315.0	986.0
346.0	986.0
379.0	986.0
415.0	986.0
448.0	986.0
478.0	986.0
0.0	987.0
3.0	987.0
7.0	987.0
23.0	987.0
51.0	987.0
84.0	987.0
116.0	987.0
148.0	987.0
184.0	987.0
216.0	987.0
249.0	987.0
280.0	987.0
315.0	987.0
346.0	987.0
379.0	987.0
415.0	987.0
448.0	987.0
478.0	987.0
0.0	988.0
3.0	988.0
7.0	988.0
23.0	988.0
51.0	988.0
84.0	988.0
116.0	988.0
148.0	988.0
184.0	988.0
216.0	988.0
249.0	988.0
280.0	988.0
315.0	988.0
346.0	988.0
379.0	988.0
415.0	988.0
448.0	988.0
478.0	988.0
0.0	989.0
3.0	989.0
7.0	989.0
23.0	989.0
51.0	989.0
84.0	989.0
116.0	989.0
148.0	989.0
184.0	989.0
216.0	989.0
249.0	989.0
280.0	989.0
315.0	989.0
346.0	989.0
379.0	989.0
415.0	989.0
448.0	989.0
478.0	989.0
0.0	1044.0
3.0	1044.0
7.0	1044.0
23.0	1044.0
51.0	1044.0
84.0	1044.0
116.0	1044.0
148.0	1044.0
184.0	1044.0
216.0	1044.0
249.0	1044.0
280.0	1044.0
315.0	1044.0
346.0	1044.0
379.0	1044.0
415.0	1044.0
448.0	1044.0
478.0	1044.0
0.0	1045.0
3.0	1045.0
7.0	1045.0
23.0	1045.0
51.0	1045.0
84.0	1045.0
116.0	1045.0
148.0	1045.0
184.0	1045.0
216.0	1045.0
249.0	1045.0
280.0	1045.0
315.0	1045.0
346.0	1045.0
379.0	1045.0
415.0	1045.0
448.0	1045.0
478.0	1045.0
0.0	1046.0
3.0	1046.0
7.0	1046.0
23.0	1046.0
51.0	1046.0
84.0	1046.0
116.0	1046.0
148.0	1046.0
184.0	1046.0
216.0	1046.0
249.0	1046.0
280.0	1046.0
315.0	1046.0
346.0	1046.0
379.0	1046.0
415.0	1046.0
448.0	1046.0
478.0	1046.0
0.0	1047.0
3.0	1047.0
7.0	1047.0
23.0	1047.0
51.0	1047.0
84.0	1047.0
116.0	1047.0
148.0	1047.0
184.0	1047.0
216.0	1047.0
249.0	1047.0
280.0	1047.0
315.0	1047.0
346.0	1047.0
379.0	1047.0
415.0	1047.0
448.0	1047.0
478.0	1047.0
0.0	1048.0
3.0	1048.0
7.0	1048.0
23.0	1048.0
51.0	1048.0
84.0	1048.0
116.0	1048.0
148.0	1048.0
184.0	1048.0
216.0	1048.0
249.0	1048.0
280.0	1048.0
315.0	1048.0
346.0	1048.0
379.0	1048.0
415.0	1048.0
448.0	1048.0
478.0	1048.0
0.0	1049.0
3.0	1049.0
7.0	1049.0
23.0	1049.0
51.0	1049.0
84.0	1049.0
116.0	1049.0
148.0	1049.0
184.0	1049.0
216.0	1049.0
249.0	1049.0
280.0	1049.0
315.0	1049.0
346.0	1049.0
379.0	1049.0
415.0	1049.0
448.0	1049.0
478.0	1049.0
0.0	1050.0
3.0	1050.0
7.0	1050.0
23.0	1050.0
51.0	1050.0
84.0	1050.0
116.0	1050.0
148.0	1050.0
184.0	1050.0
216.0	1050.0
249.0	1050.0
280.0	1050.0
315.0	1050.0
346.0	1050.0
379.0	1050.0
415.0	1050.0
448.0	1050.0
478.0	1050.0
0.0	1051.0
3.0	1051.0
7.0	1051.0
23.0	1051.0
51.0	1051.0
84.0	1051.0
116.0	1051.0
148.0	1051.0
184.0	1051.0
216.0	1051.0
249.0	1051.0
280.0	1051.0
315.0	1051.0
346.0	1051.0
379.0	1051.0
415.0	1051.0
448.0	1051.0
478.0	1051.0
0.0	1052.0
3.0	1052.0
7.0	1052.0
23.0	1052.0
51.0	1052.0
84.0	1052.0
116.0	1052.0
148.0	1052.0
184.0	1052.0
216.0	1052.0
249.0	1052.0
280.0	1052.0
315.0	1052.0
346.0	1052.0
379.0	1052.0
415.0	1052.0
448.0	1052.0
478.0	1052.0
0.0	1053.0
3.0	1053.0
7.0	1053.0
23.0	1053.0
51.0	1053.0
84.0	1053.0
116.0	1053.0
148.0	1053.0
184.0	1053.0
216.0	1053.0
249.0	1053.0
280.0	1053.0
315.0	1053.0
346.0	1053.0
379.0	1053.0
415.0	1053.0
448.0	1053.0
478.0	1053.0
0.0	1108.0
3.0	1108.0
7.0	1108.0
23.0	1108.0
51.0	1108.0
84.0	1108.0
116.0	1108.0
148.0	1108.0
184.0	1108.0
216.0	1108.0
249.0	1108.0
280.0	1108.0
315.0	1108.0
346.0	1108.0
379.0	1108.0
415.0	1108.0
448.0	1108.0
478.0	1108.0
0.0	1109.0
3.0	1109.0
7.0	1109.0
23.0	1109.0
51.0	1109.0
84.0	1109.0
116.0	1109.0
148.0	1109.0
184.0	1109.0
216.0	1109.0
249.0	1109.0
280.0	1109.0
315.0	1109.0
346.0	1109.0
379.0	1109.0
415.0	1109.0
448.0	1109.0
478.0	1109.0
0.0	1110.0
3.0	1110.0
7.0	1110.0
23.0	1110.0
51.0	1110.0
84.0	1110.0
116.0	1110.0
148.0	1110.0
184.0	1110.0
216.0	1110.0
249.0	1110.0
280.0	1110.0
315.0	1110.0
346.0	1110.0
379.0	1110.0
415.0	1110.0
448.0	1110.0
478.0	1110.0
0.0	1111.0
3.0	1111.0
7.0	1111.0
23.0	1111.0
51.0	1111.0
84.0	1111.0
116.0	1111.0
148.0	1111.0
184.0	1111.0
216.0	1111.0
249.0	1111.0
280.0	1111.0
315.0	1111.0
346.0	1111.0
379.0	1111.0
415.0	1111.0
448.0	1111.0
478.0	1111.0
0.0	1112.0
3.0	1112.0
7.0	1112.0
23.0	1112.0
51.0	1112.0
84.0	1112.0
116.0	1112.0
148.0	1112.0
184.0	1112.0
216.0	1112.0
249.0	1112.0
280.0	1112.0
315.0	1112.0
346.0	1112.0
379.0	1112.0
415.0	1112.0
448.0	1112.0
478.0	1112.0
0.0	1113.0
3.0	1113.0
7.0	1113.0
23.0	1113.0
51.0	1113.0
84.0	1113.0
116.0	1113.0
148.0	1113.0
184.0	1113.0
216.0	1113.0
249.0	1113.0
280.0	1113.0
315.0	1113.0
346.0	1113.0
379.0	1113.0
415.0	1113.0
448.0	1113.0
478.0	1113.0
0.0	1114.0
3.0	1114.0
7.0	1114.0
23.0	1114.0
51.0	1114.0
84.0	1114.0
116.0	1114.0
148.0	1114.0
184.0	1114.0
216.0	1114.0
249.0	1114.0
280.0	1114.0
315.0	1114.0
346.0	1114.0
379.0	1114.0
415.0	1114.0
448.0	1114.0
478.0	1114.0
0.0	1115.0
3.0	1115.0
7.0	1115.0
23.0	1115.0
51.0	1115.0
84.0	1115.0
116.0	1115.0
148.0	1115.0
184.0	1115.0
216.0	1115.0
249.0	1115.0
280.0	1115.0
315.0	1115.0
346.0	1115.0
379.0	1115.0
415.0	1115.0
448.0	1115.0
478.0	1115.0
0.0	1116.0
3.0	1116.0
7.0	1116.0
23.0	1116.0
51.0	1116.0
84.0	1116.0
116.0	1116.0
148.0	1116.0
184.0	1116.0
216.0	1116.0
249.0	1116.0
280.0	1116.0
315.0	1116.0
346.0	1116.0
379.0	1116.0
415.0	1116.0
448.0	1116.0
478.0	1116.0
0.0	1117.0
3.0	1117.0
7.0	1117.0
23.0	1117.0
51.0	1117.0
84.0	1117.0
116.0	1117.0
148.0	1117.0
184.0	1117.0
216.0	1117.0
249.0	1117.0
280.0	1117.0
315.0	1117.0
346.0	1117.0
379.0	1117.0
415.0	1117.0
448.0	1117.0
478.0	1117.0
0.0	1172.0
3.0	1172.0
7.0	1172.0
23.0	1172.0
51.0	1172.0
84.0	1172.0
116.0	1172.0
148.0	1172.0
184.0	1172.0
216.0	1172.0
249.0	1172.0
280.0	1172.0
315.0	1172.0
346.0	1172.0
379.0	1172.0
415.0	1172.0
448.0	1172.0
478.0	1172.0
0.0	1173.0
3.0	1173.0
7.0	1173.0
23.0	1173.0
51.0	1173.0
84.0	1173.0
116.0	1173.0
148.0	1173.0
184.0	1173.0
216.0	1173.0
249.0	1173.0
280.0	1173.0
315.0	1173.0
346.0	1173.0
379.0	1173.0
415.0	1173.0
448.0	1173.0
478.0	1173.0
0.0	1174.0
3.0	1174.0
7.0	1174.0
23.0	1174.0
51.0	1174.0
84.0	1174.0
116.0	1174.0
148.0	1174.0
184.0	1174.0
216.0	1174.0
249.0	1174.0
280.0	1174.0
315.0	1174.0
346.0	1174.0
379.0	1174.0
415.0	1174.0
448.0	1174.0
478.0	1174.0
0.0	1175.0
3.0	1175.0
7.0	1175.0
23.0	1175.0
51.0	1175.0
84.0	1175.0
116.0	1175.0
148.0	1175.0
184.0	1175.0
216.0	1175.0
249.0	1175.0
280.0	1175.0
315.0	1175.0
346.0	1175.0
379.0	1175.0
415.0	1175.0
448.0	1175.0
478.0	1175.0
0.0	1176.0
3.0	1176.0
7.0	1176.0
23.0	1176.0
51.0	1176.0
84.0	1176.0
116.0	1176.0
148.0	1176.0
184.0	1176.0
216.0	1176.0
249.0	1176.0
280.0	1176.0
315.0	1176.0
346.0	1176.0
379.0	1176.0
415.0	1176.0
448.0	1176.0
478.0	1176.0
0.0	1177.0
3.0	1177.0
7.0	1177.0
23.0	1177.0
51.0	1177.0
84.0	1177.0
116.0	1177.0
148.0	1177.0
184.0	1177.0
216.0	1177.0
249.0	1177.0
280.0	1177.0
315.0	1177.0
346.0	1177.0
379.0	1177.0
415.0	1177.0
448.0	1177.0
478.0	1177.0
0.0	1178.0
3.0	1178.0
7.0	1178.0
23.0	1178.0
51.0	1178.0
84.0	1178.0
116.0	1178.0
148.0	1178.0
184.0	1178.0
216.0	1178.0
249.0	1178.0
280.0	1178.0
315.0	1178.0
346.0	1178.0
379.0	1178.0
415.0	1178.0
448.0	1178.0
478.0	1178.0
0.0	1179.0
3.0	1179.0
7.0	1179.0
23.0	1179.0
51.0	1179.0
84.0	1179.0
116.0	1179.0
148.0	1179.0
184.0	1179.0
216.0	1179.0
249.0	1179.0
280.0	1179.0
315.0	1179.0
346.0	1179.0
379.0	1179.0
415.0	1179.0
448.0	1179.0
478.0	1179.0
0.0	1180.0
3.0	1180.0
7.0	1180.0
23.0	1180.0
51.0	1180.0
84.0	1180.0
116.0	1180.0
148.0	1180.0
184.0	1180.0
216.0	1180.0
249.0	1180.0
280.0	1180.0
315.0	1180.0
346.0	1180.0
379.0	1180.0
415.0	1180.0
448.0	1180.0
478.0	1180.0
0.0	1181.0
3.0	1181.0
7.0	1181.0
23.0	1181.0
51.0	1181.0
84.0	1181.0
116.0	1181.0
148.0	1181.0
184.0	1181.0
216.0	1181.0
249.0	1181.0
280.0	1181.0
315.0	1181.0
346.0	1181.0
379.0	1181.0
415.0	1181.0
448.0	1181.0
478.0	1181.0
0.0	1236.0
3.0	1236.0
7.0	1236.0
23.0	1236.0
51.0	1236.0
84.0	1236.0
116.0	1236.0
148.0	1236.0
184.0	1236.0
216.0	1236.0
249.0	1236.0
280.0	1236.0
315.0	1236.0
346.0	1236.0
379.0	1236.0
415.0	1236.0
448.0	1236.0
478.0	1236.0
0.0	1237.0
3.0	1237.0
7.0	1237.0
23.0	1237.0
51.0	1237.0
84.0	1237.0
116.0	1237.0
148.0	1237.0
184.0	1237.0
216.0	1237.0
249.0	1237.0
280.0	1237.0
315.0	1237.0
346.0	1237.0
379.0	1237.0
415.0	1237.0
448.0	1237.0
478.0	1237.0
0.0	1238.0
3.0	1238.0
7.0	1238.0
23.0	1238.0
51.0	1238.0
84.0	1238.0
116.0	1238.0
148.0	1238.0
184.0	1238.0
216.0	1238.0
249.0	1238.0
280.0	1238.0
315.0	1238.0
346.0	1238.0
379.0	1238.0
415.0	1238.0
448.0	1238.0
478.0	1238.0
0.0	1239.0
3.0	1239.0
7.0	1239.0
23.0	1239.0
51.0	1239.0
84.0	1239.0
116.0	1239.0
148.0	1239.0
184.0	1239.0
216.0	1239.0
249.0	1239.0
280.0	1239.0
315.0	1239.0
346.0	1239.0
379.0	1239.0
415.0	1239.0
448.0	1239.0
478.0	1239.0
0.0	1240.0
3.0	1240.0
7.0	1240.0
23.0	1240.0
51.0	1240.0
84.0	1240.0
116.0	1240.0
148.0	1240.0
184.0	1240.0
216.0	1240.0
249.0	1240.0
280.0	1240.0
315.0	1240.0
346.0	1240.0
379.0	1240.0
415.0	1240.0
448.0	1240.0
478.0	1240.0
0.0	1241.0
3.0	1241.0
7.0	1241.0
23.0	1241.0
51.0	1241.0
84.0	1241.0
116.0	1241.0
148.0	1241.0
184.0	1241.0
216.0	1241.0
249.0	1241.0
280.0	1241.0
315.0	1241.0
346.0	1241.0
379.0	1241.0
415.0	1241.0
448.0	1241.0
478.0	1241.0
0.0	1242.0
3.0	1242.0
7.0	1242.0
23.0	1242.0
51.0	1242.0
84.0	1242.0
116.0	1242.0
148.0	1242.0
184.0	1242.0
216.0	1242.0
249.0	1242.0
280.0	1242.0
315.0	1242.0
346.0	1242.0
379.0	1242.0
415.0	1242.0
448.0	1242.0
478.0	1242.0
0.0	1243.0
3.0	1243.0
7.0	1243.0
23.0	1243.0
51.0	1243.0
84.0	1243.0
116.0	1243.0
148.0	1243.0
184.0	1243.0
216.0	1243.0
249.0	1243.0
280.0	1243.0
315.0	1243.0
346.0	1243.0
379.0	1243.0
415.0	1243.0
448.0	1243.0
478.0	1243.0
0.0	1244.0
3.0	1244.0
7.0	1244.0
23.0	1244.0
51.0	1244.0
84.0	1244.0
116.0	1244.0
148.0	1244.0
184.0	1244.0
216.0	1244.0
249.0	1244.0
280.0	1244.0
315.0	1244.0
346.0	1244.0
379.0	1244.0
415.0	1244.0
448.0	1244.0
478.0	1244.0
0.0	1245.0
3.0	1245.0
7.0	1245.0
23.0	1245.0
51.0	1245.0
84.0	1245.0
116.0	1245.0
148.0	1245.0
184.0	1245.0
216.0	1245.0
249.0	1245.0
280.0	1245.0
315.0	1245.0
346.0	1245.0
379.0	1245.0
415.0	1245.0
448.0	1245.0
478.0	1245.0
0.0	1300.0
3.0	1300.0
7.0	1300.0
23.0	1300.0
51.0	1300.0
84.0	1300.0
116.0	1300.0
148.0	1300.0
184.0	1300.0
216.0	1300.0
249.0	1300.0
280.0	1300.0
315.0	1300.0
346.0	1300.0
379.0	1300.0
415.0	1300.0
448.0	1300.0
478.0	1300.0
0.0	1301.0
3.0	1301.0
7.0	1301.0
23.0	1301.0
51.0	1301.0
84.0	1301.0
116.0	1301.0
148.0	1301.0
184.0	1301.0
216.0	1301.0
249.0	1301.0
280.0	1301.0
315.0	1301.0
346.0	1301.0
379.0	1301.0
415.0	1301.0
448.0	1301.0
478.0	1301.0
0.0	1302.0
3.0	1302.0
7.0	1302.0
23.0	1302.0
51.0	1302.0
84.0	1302.0
116.0	1302.0
148.0	1302.0
184.0	1302.0
216.0	1302.0
249.0	1302.0
280.0	1302.0
315.0	1302.0
346.0	1302.0
379.0	1302.0
415.0	1302.0
448.0	1302.0
478.0	1302.0
0.0	1303.0
3.0	1303.0
7.0	1303.0
23.0	1303.0
51.0	1303.0
84.0	1303.0
116.0	1303.0
148.0	1303.0
184.0	1303.0
216.0	1303.0
249.0	1303.0
280.0	1303.0
315.0	1303.0
346.0	1303.0
379.0	1303.0
415.0	1303.0
448.0	1303.0
478.0	1303.0
0.0	1304.0
3.0	1304.0
7.0	1304.0
23.0	1304.0
51.0	1304.0
84.0	1304.0
116.0	1304.0
148.0	1304.0
184.0	1304.0
216.0	1304.0
249.0	1304.0
280.0	1304.0
315.0	1304.0
346.0	1304.0
379.0	1304.0
415.0	1304.0
448.0	1304.0
478.0	1304.0
0.0	1305.0
3.0	1305.0
7.0	1305.0
23.0	1305.0
51.0	1305.0
84.0	1305.0
116.0	1305.0
148.0	1305.0
184.0	1305.0
216.0	1305.0
249.0	1305.0
280.0	1305.0
315.0	1305.0
346.0	1305.0
379.0	1305.0
415.0	1305.0
448.0	1305.0
478.0	1305.0
0.0	1306.0
3.0	1306.0
7.0	1306.0
23.0	1306.0
51.0	1306.0
84.0	1306.0
116.0	1306.0
148.0	1306.0
184.0	1306.0
216.0	1306.0
249.0	1306.0
280.0	1306.0
315.0	1306.0
346.0	1306.0
379.0	1306.0
415.0	1306.0
448.0	1306.0
478.0	1306.0
0.0	1307.0
3.0	1307.0
7.0	1307.0
23.0	1307.0
51.0	1307.0
84.0	1307.0
116.0	1307.0
148.0	1307.0
184.0	1307.0
216.0	1307.0
249.0	1307.0
280.0	1307.0
315.0	1307.0
346.0	1307.0
379.0	1307.0
415.0	1307.0
448.0	1307.0
478.0	1307.0
0.0	1308.0
3.0	1308.0
7.0	1308.0
23.0	1308.0
51.0	1308.0
84.0	1308.0
116.0	1308.0
148.0	1308.0
184.0	1308.0
216.0	1308.0
249.0	1308.0
280.0	1308.0
315.0	1308.0
346.0	1308.0
379.0	1308.0
415.0	1308.0
448.0	1308.0
478.0	1308.0
0.0	1309.0
3.0	1309.0
7.0	1309.0
23.0	1309.0
51.0	1309.0
84.0	1309.0
116.0	1309.0
148.0	1309.0
184.0	1309.0
216.0	1309.0
249.0	1309.0
280.0	1309.0
315.0	1309.0
346.0	1309.0
379.0	1309.0
415.0	1309.0
448.0	1309.0
478.0	1309.0
0.0	1364.0
3.0	1364.0
7.0	1364.0
23.0	1364.0
51.0	1364.0
84.0	1364.0
116.0	1364.0
148.0	1364.0
184.0	1364.0
216.0	1364.0
249.0	1364.0
280.0	1364.0
315.0	1364.0
346.0	1364.0
379.0	1364.0
415.0	1364.0
448.0	1364.0
478.0	1364.0
0.0	1365.0
3.0	1365.0
7.0	1365.0
23.0	1365.0
51.0	1365.0
84.0	1365.0
116.0	1365.0
148.0	1365.0
184.0	1365.0
216.0	1365.0
249.0	1365.0
280.0	1365.0
315.0	1365.0
346.0	1365.0
379.0	1365.0
415.0	1365.0
448.0	1365.0
478.0	1365.0
0.0	1366.0
3.0	1366.0
7.0	1366.0
23.0	1366.0
51.0	1366.0
84.0	1366.0
116.0	1366.0
148.0	1366.0
184.0	1366.0
216.0	1366.0
249.0	1366.0
280.0	1366.0
315.0	1366.0
346.0	1366.0
379.0	1366.0
415.0	1366.0
448.0	1366.0
478.0	1366.0
0.0	1367.0
3.0	1367.0
7.0	1367.0
23.0	1367.0
51.0	1367.0
84.0	1367.0
116.0	1367.0
148.0	1367.0
184.0	1367.0
216.0	1367.0
249.0	1367.0
280.0	1367.0
315.0	1367.0
346.0	1367.0
379.0	1367.0
415.0	1367.0
448.0	1367.0
478.0	1367.0
0.0	1368.0
3.0	1368.0
7.0	1368.0
23.0	1368.0
51.0	1368.0
84.0	1368.0
116.0	1368.0
148.0	1368.0
184.0	1368.0
216.0	1368.0
249.0	1368.0
280.0	1368.0
315.0	1368.0
346.0	1368.0
379.0	1368.0
415.0	1368.0
448.0	1368.0
478.0	1368.0
0.0	1369.0
3.0	1369.0
7.0	1369.0
23.0	1369.0
51.0	1369.0
84.0	1369.0
116.0	1369.0
148.0	1369.0
184.0	1369.0
216.0	1369.0
249.0	1369.0
280.0	1369.0
315.0	1369.0
346.0	1369.0
379.0	1369.0
415.0	1369.0
448.0	1369.0
478.0	1369.0
0.0	1370.0
3.0	1370.0
7.0	1370.0
23.0	1370.0
51.0	1370.0
84.0	1370.0
116.0	1370.0
148.0	1370.0
184.0	1370.0
216.0	1370.0
249.0	1370.0
280.0	1370.0
315.0	1370.0
346.0	1370.0
379.0	1370.0
415.0	1370.0
448.0	1370.0
478.0	1370.0
0.0	1371.0
3.0	1371.0
7.0	1371.0
23.0	1371.0
51.0	1371.0
84.0	1371.0
116.0	1371.0
148.0	1371.0
184.0	1371.0
216.0	1371.0
249.0	1371.0
280.0	1371.0
315.0	1371.0
346.0	1371.0
379.0	1371.0
415.0	1371.0
448.0	1371.0
478.0	1371.0
0.0	1372.0
3.0	1372.0
7.0	1372.0
23.0	1372.0
51.0	1372.0
84.0	1372.0
116.0	1372.0
148.0	1372.0
184.0	1372.0
216.0	1372.0
249.0	1372.0
280.0	1372.0
315.0	1372.0
346.0	1372.0
379.0	1372.0
415.0	1372.0
448.0	1372.0
478.0	1372.0
0.0	1373.0
3.0	1373.0
7.0	1373.0
23.0	1373.0
51.0	1373.0
84.0	1373.0
116.0	1373.0
148.0	1373.0
184.0	1373.0
216.0	1373.0
249.0	1373.0
280.0	1373.0
315.0	1373.0
346.0	1373.0
379.0	1373.0
415.0	1373.0
448.0	1373.0
478.0	1373.0
0.0	1428.0
3.0	1428.0
7.0	1428.0
23.0	1428.0
51.0	1428.0
84.0	1428.0
116.0	1428.0
148.0	1428.0
184.0	1428.0
216.0	1428.0
249.0	1428.0
280.0	1428.0
315.0	1428.0
346.0	1428.0
379.0	1428.0
415.0	1428.0
448.0	1428.0
478.0	1428.0
0.0	1429.0
3.0	1429.0
7.0	1429.0
23.0	1429.0
51.0	1429.0
84.0	1429.0
116.0	1429.0
148.0	1429.0
184.0	1429.0
216.0	1429.0
249.0	1429.0
280.0	1429.0
315.0	1429.0
346.0	1429.0
379.0	1429.0
415.0	1429.0
448.0	1429.0
478.0	1429.0
0.0	1430.0
3.0	1430.0
7.0	1430.0
23.0	1430.0
51.0	1430.0
84.0	1430.0
116.0	1430.0
148.0	1430.0
184.0	1430.0
216.0	1430.0
249.0	1430.0
280.0	1430.0
315.0	1430.0
346.0	1430.0
379.0	1430.0
415.0	1430.0
448.0	1430.0
478.0	1430.0
0.0	1431.0
3.0	1431.0
7.0	1431.0
23.0	1431.0
51.0	1431.0
84.0	1431.0
116.0	1431.0
148.0	1431.0
184.0	1431.0
216.0	1431.0
249.0	1431.0
280.0	1431.0
315.0	1431.0
346.0	1431.0
379.0	1431.0
415.0	1431.0
448.0	1431.0
478.0	1431.0
0.0	1432.0
3.0	1432.0
7.0	1432.0
23.0	1432.0
51.0	1432.0
84.0	1432.0
116.0	1432.0
148.0	1432.0
184.0	1432.0
216.0	1432.0
249.0	1432.0
280.0	1432.0
315.0	1432.0
346.0	1432.0
379.0	1432.0
415.0	1432.0
448.0	1432.0
478.0	1432.0
0.0	1433.0
3.0	1433.0
7.0	1433.0
23.0	1433.0
51.0	1433.0
84.0	1433.0
116.0	1433.0
148.0	1433.0
184.0	1433.0
216.0	1433.0
249.0	1433.0
280.0	1433.0
315.0	1433.0
346.0	1433.0
379.0	1433.0
415.0	1433.0
448.0	1433.0
478.0	1433.0
0.0	1434.0
3.0	1434.0
7.0	1434.0
23.0	1434.0
51.0	1434.0
84.0	1434.0
116.0	1434.0
148.0	1434.0
184.0	1434.0
216.0	1434.0
249.0	1434.0
280.0	1434.0
315.0	1434.0
346.0	1434.0
379.0	1434.0
415.0	1434.0
448.0	1434.0
478.0	1434.0
0.0	1435.0
3.0	1435.0
7.0	1435.0
23.0	1435.0
51.0	1435.0
84.0	1435.0
116.0	1435.0
148.0	1435.0
184.0	1435.0
216.0	1435.0
249.0	1435.0
280.0	1435.0
315.0	1435.0
346.0	1435.0
379.0	1435.0
415.0	1435.0
448.0	1435.0
478.0	1435.0
0.0	1436.0
3.0	1436.0
7.0	1436.0
23.0	1436.0
51.0	1436.0
84.0	1436.0
116.0	1436.0
148.0	1436.0
184.0	1436.0
216.0	1436.0
249.0	1436.0
280.0	1436.0
315.0	1436.0
346.0	1436.0
379.0	1436.0
415.0	1436.0
448.0	1436.0
478.0	1436.0
0.0	1437.0
3.0	1437.0
7.0	1437.0
23.0	1437.0
51.0	1437.0
84.0	1437.0
116.0	1437.0
148.0	1437.0
184.0	1437.0
216.0	1437.0
249.0	1437.0
280.0	1437.0
315.0	1437.0
346.0	1437.0
379.0	1437.0
415.0	1437.0
448.0	1437.0
478.0	1437.0
0.0	1492.0
3.0	1492.0
7.0	1492.0
23.0	1492.0
51.0	1492.0
84.0	1492.0
116.0	1492.0
148.0	1492.0
184.0	1492.0
216.0	1492.0
249.0	1492.0
280.0	1492.0
315.0	1492.0
346.0	1492.0
379.0	1492.0
415.0	1492.0
448.0	1492.0
478.0	1492.0
0.0	1493.0
3.0	1493.0
7.0	1493.0
23.0	1493.0
51.0	1493.0
84.0	1493.0
116.0	1493.0
148.0	1493.0
184.0	1493.0
216.0	1493.0
249.0	1493.0
280.0	1493.0
315.0	1493.0
346.0	1493.0
379.0	1493.0
415.0	1493.0
448.0	1493.0
478.0	1493.0
0.0	1494.0
3.0	1494.0
7.0	1494.0
23.0	1494.0
51.0	1494.0
84.0	1494.0
116.0	1494.0
148.0	1494.0
184.0	1494.0
216.0	1494.0
249.0	1494.0
280.0	1494.0
315.0	1494.0
346.0	1494.0
379.0	1494.0
415.0	1494.0
448.0	1494.0
478.0	1494.0
0.0	1495.0
3.0	1495.0
7.0	1495.0
23.0	1495.0
51.0	1495.0
84.0	1495.0
116.0	1495.0
148.0	1495.0
184.0	1495.0
216.0	1495.0
249.0	1495.0
280.0	1495.0
315.0	1495.0
346.0	1495.0
379.0	1495.0
415.0	1495.0
448.0	1495.0
478.0	1495.0
0.0	1496.0
3.0	1496.0
7.0	1496.0
23.0	1496.0
51.0	1496.0
84.0	1496.0
116.0	1496.0
148.0	1496.0
184.0	1496.0
216.0	1496.0
249.0	1496.0
280.0	1496.0
315.0	1496.0
346.0	1496.0
379.0	1496.0
415.0	1496.0
448.0	1496.0
478.0	1496.0
0.0	1497.0
3.0	1497.0
7.0	1497.0
23.0	1497.0
51.0	1497.0
84.0	1497.0
116.0	1497.0
148.0	1497.0
184.0	1497.0
216.0	1497.0
249.0	1497.0
280.0	1497.0
315.0	1497.0
346.0	1497.0
379.0	1497.0
415.0	1497.0
448.0	1497.0
478.0	1497.0
0.0	1498.0
3.0	1498.0
7.0	1498.0
23.0	1498.0
51.0	1498.0
84.0	1498.0
116.0	1498.0
148.0	1498.0
184.0	1498.0
216.0	1498.0
249.0	1498.0
280.0	1498.0
315.0	1498.0
346.0	1498.0
379.0	1498.0
415.0	1498.0
448.0	1498.0
478.0	1498.0
0.0	1499.0
3.0	1499.0
7.0	1499.0
23.0	1499.0
51.0	1499.0
84.0	1499.0
116.0	1499.0
148.0	1499.0
184.0	1499.0
216.0	1499.0
249.0	1499.0
280.0	1499.0
315.0	1499.0
346.0	1499.0
379.0	1499.0
415.0	1499.0
448.0	1499.0
478.0	1499.0
0.0	1500.0
3.0	1500.0
7.0	1500.0
23.0	1500.0
51.0	1500.0
84.0	1500.0
116.0	1500.0
148.0	1500.0
184.0	1500.0
216.0	1500.0
249.0	1500.0
280.0	1500.0
315.0	1500.0
346.0	1500.0
379.0	1500.0
415.0	1500.0
448.0	1500.0
478.0	1500.0
0.0	1501.0
3.0	1501.0
7.0	1501.0
23.0	1501.0
51.0	1501.0
84.0	1501.0
116.0	1501.0
148.0	1501.0
184.0	1501.0
216.0	1501.0
249.0	1501.0
280.0	1501.0
315.0	1501.0
346.0	1501.0
379.0	1501.0
415.0	1501.0
448.0	1501.0
478.0	1501.0
0.0	1556.0
3.0	1556.0
7.0	1556.0
23.0	1556.0
51.0	1556.0
84.0	1556.0
116.0	1556.0
148.0	1556.0
184.0	1556.0
216.0	1556.0
249.0	1556.0
280.0	1556.0
315.0	1556.0
346.0	1556.0
379.0	1556.0
415.0	1556.0
448.0	1556.0
478.0	1556.0
0.0	1557.0
3.0	1557.0
7.0	1557.0
23.0	1557.0
51.0	1557.0
84.0	1557.0
116.0	1557.0
148.0	1557.0
184.0	1557.0
216.0	1557.0
249.0	1557.0
280.0	1557.0
315.0	1557.0
346.0	1557.0
379.0	1557.0
415.0	1557.0
448.0	1557.0
478.0	1557.0
0.0	1558.0
3.0	1558.0
7.0	1558.0
23.0	1558.0
51.0	1558.0
84.0	1558.0
116.0	1558.0
148.0	1558.0
184.0	1558.0
216.0	1558.0
249.0	1558.0
280.0	1558.0
315.0	1558.0
346.0	1558.0
379.0	1558.0
415.0	1558.0
448.0	1558.0
478.0	1558.0
0.0	1559.0
3.0	1559.0
7.0	1559.0
23.0	1559.0
51.0	1559.0
84.0	1559.0
116.0	1559.0
148.0	1559.0
184.0	1559.0
216.0	1559.0
249.0	1559.0
280.0	1559.0
315.0	1559.0
346.0	1559.0
379.0	1559.0
415.0	1559.0
448.0	1559.0
478.0	1559.0
0.0	1560.0
3.0	1560.0
7.0	1560.0
23.0	1560.0
51.0	1560.0
84.0	1560.0
116.0	1560.0
148.0	1560.0
184.0	1560.0
216.0	1560.0
249.0	1560.0
280.0	1560.0
315.0	1560.0
346.0	1560.0
379.0	1560.0
415.0	1560.0
448.0	1560.0
478.0	1560.0
0.0	1561.0
3.0	1561.0
7.0	1561.0
23.0	1561.0
51.0	1561.0
84.0	1561.0
116.0	1561.0
148.0	1561.0
184.0	1561.0
216.0	1561.0
249.0	1561.0
280.0	1561.0
315.0	1561.0
346.0	1561.0
379.0	1561.0
415.0	1561.0
448.0	1561.0
478.0	1561.0
0.0	1562.0
3.0	1562.0
7.0	1562.0
23.0	1562.0
51.0	1562.0
84.0	1562.0
116.0	1562.0
148.0	1562.0
184.0	1562.0
216.0	1562.0
249.0	1562.0
280.0	1562.0
315.0	1562.0
346.0	1562.0
379.0	1562.0
415.0	1562.0
448.0	1562.0
478.0	1562.0
0.0	1563.0
3.0	1563.0
7.0	1563.0
23.0	1563.0
51.0	1563.0
84.0	1563.0
116.0	1563.0
148.0	1563.0
184.0	1563.0
216.0	1563.0
249.0	1563.0
280.0	1563.0
315.0	1563.0
346.0	1563.0
379.0	1563.0
415.0	1563.0
448.0	1563.0
478.0	1563.0
0.0	1564.0
3.0	1564.0
7.0	1564.0
23.0	1564.0
51.0	1564.0
84.0	1564.0
116.0	1564.0
148.0	1564.0
184.0	1564.0
216.0	1564.0
249.0	1564.0
280.0	1564.0
315.0	1564.0
346.0	1564.0
379.0	1564.0
415.0	1564.0
448.0	1564.0
478.0	1564.0
0.0	1565.0
3.0	1565.0
7.0	1565.0
23.0	1565.0
51.0	1565.0
84.0	1565.0
116.0	1565.0
148.0	1565.0
184.0	1565.0
216.0	1565.0
249.0	1565.0
280.0	1565.0
315.0	1565.0
346.0	1565.0
379.0	1565.0
415.0	1565.0
448.0	1565.0
478.0	1565.0
0.0	1620.0
3.0	1620.0
7.0	1620.0
23.0	1620.0
51.0	1620.0
84.0	1620.0
116.0	1620.0
148.0	1620.0
184.0	1620.0
216.0	1620.0
249.0	1620.0
280.0	1620.0
315.0	1620.0
346.0	1620.0
379.0	1620.0
415.0	1620.0
448.0	1620.0
478.0	1620.0
0.0	1621.0
3.0	1621.0
7.0	1621.0
23.0	1621.0
51.0	1621.0
84.0	1621.0
116.0	1621.0
148.0	1621.0
184.0	1621.0
216.0	1621.0
249.0	1621.0
280.0	1621.0
315.0	1621.0
346.0	1621.0
379.0	1621.0
415.0	1621.0
448.0	1621.0
478.0	1621.0
0.0	1622.0
3.0	1622.0
7.0	1622.0
23.0	1622.0
51.0	1622.0
84.0	1622.0
116.0	1622.0
148.0	1622.0
184.0	1622.0
216.0	1622.0
249.0	1622.0
280.0	1622.0
315.0	1622.0
346.0	1622.0
379.0	1622.0
415.0	1622.0
448.0	1622.0
478.0	1622.0
0.0	1623.0
3.0	1623.0
7.0	1623.0
23.0	1623.0
51.0	1623.0
84.0	1623.0
116.0	1623.0
148.0	1623.0
184.0	1623.0
216.0	1623.0
249.0	1623.0
280.0	1623.0
315.0	1623.0
346.0	1623.0
379.0	1623.0
415.0	1623.0
448.0	1623.0
478.0	1623.0
0.0	1624.0
3.0	1624.0
7.0	1624.0
23.0	1624.0
51.0	1624.0
84.0	1624.0
116.0	1624.0
148.0	1624.0
184.0	1624.0
216.0	1624.0
249.0	1624.0
280.0	1624.0
315.0	1624.0
346.0	1624.0
379.0	1624.0
415.0	1624.0
448.0	1624.0
478.0	1624.0
0.0	1625.0
3.0	1625.0
7.0	1625.0
23.0	1625.0
51.0	1625.0
84.0	1625.0
116.0	1625.0
148.0	1625.0
184.0	1625.0
216.0	1625.0
249.0	1625.0
280.0	1625.0
315.0	1625.0
346.0	1625.0
379.0	1625.0
415.0	1625.0
448.0	1625.0
478.0	1625.0
0.0	1626.0
3.0	1626.0
7.0	1626.0
23.0	1626.0
51.0	1626.0
84.0	1626.0
116.0	1626.0
148.0	1626.0
184.0	1626.0
216.0	1626.0
249.0	1626.0
280.0	1626.0
315.0	1626.0
346.0	1626.0
379.0	1626.0
415.0	1626.0
448.0	1626.0
478.0	1626.0
0.0	1627.0
3.0	1627.0
7.0	1627.0
23.0	1627.0
51.0	1627.0
84.0	1627.0
116.0	1627.0
148.0	1627.0
184.0	1627.0
216.0	1627.0
249.0	1627.0
280.0	1627.0
315.0	1627.0
346.0	1627.0
379.0	1627.0
415.0	1627.0
448.0	1627.0
478.0	1627.0
0.0	1628.0
3.0	1628.0
7.0	1628.0
23.0	1628.0
51.0	1628.0
84.0	1628.0
116.0	1628.0
148.0	1628.0
184.0	1628.0
216.0	1628.0
249.0	1628.0
280.0	1628.0
315.0	1628.0
346.0	1628.0
379.0	1628.0
415.0	1628.0
448.0	1628.0
478.0	1628.0
0.0	1629.0
3.0	1629.0
7.0	1629.0
23.0	1629.0
51.0	1629.0
84.0	1629.0
116.0	1629.0
148.0	1629.0
184.0	1629.0
216.0	1629.0
249.0	1629.0
280.0	1629.0
315.0	1629.0
346.0	1629.0
379.0	1629.0
415.0	1629.0
448.0	1629.0
478.0	1629.0
0.0	1684.0
3.0	1684.0
7.0	1684.0
23.0	1684.0
51.0	1684.0
84.0	1684.0
116.0	1684.0
148.0	1684.0
184.0	1684.0
250.0	1684.0
280.0	1684.0
315.0	1684.0
346.0	1684.0
379.0	1684.0
415.0	1684.0
448.0	1684.0
478.0	1684.0
0.0	1685.0
3.0	1685.0
7.0	1685.0
23.0	1685.0
51.0	1685.0
84.0	1685.0
116.0	1685.0
148.0	1685.0
184.0	1685.0
216.0	1685.0
249.0	1685.0
280.0	1685.0
315.0	1685.0
346.0	1685.0
379.0	1685.0
415.0	1685.0
448.0	1685.0
478.0	1685.0
0.0	1686.0
3.0	1686.0
7.0	1686.0
23.0	1686.0
51.0	1686.0
84.0	1686.0
116.0	1686.0
148.0	1686.0
184.0	1686.0
216.0	1686.0
249.0	1686.0
280.0	1686.0
315.0	1686.0
346.0	1686.0
379.0	1686.0
415.0	1686.0
448.0	1686.0
478.0	1686.0
0.0	1687.0
3.0	1687.0
7.0	1687.0
23.0	1687.0
51.0	1687.0
84.0	1687.0
116.0	1687.0
148.0	1687.0
184.0	1687.0
216.0	1687.0
249.0	1687.0
280.0	1687.0
315.0	1687.0
346.0	1687.0
379.0	1687.0
415.0	1687.0
448.0	1687.0
478.0	1687.0
0.0	1688.0
3.0	1688.0
7.0	1688.0
23.0	1688.0
51.0	1688.0
84.0	1688.0
116.0	1688.0
148.0	1688.0
184.0	1688.0
216.0	1688.0
249.0	1688.0
280.0	1688.0
315.0	1688.0
346.0	1688.0
379.0	1688.0
415.0	1688.0
448.0	1688.0
478.0	1688.0
0.0	1689.0
3.0	1689.0
7.0	1689.0
23.0	1689.0
51.0	1689.0
84.0	1689.0
116.0	1689.0
148.0	1689.0
184.0	1689.0
216.0	1689.0
249.0	1689.0
280.0	1689.0
315.0	1689.0
346.0	1689.0
379.0	1689.0
415.0	1689.0
448.0	1689.0
478.0	1689.0
0.0	1690.0
3.0	1690.0
7.0	1690.0
23.0	1690.0
51.0	1690.0
84.0	1690.0
116.0	1690.0
148.0	1690.0
184.0	1690.0
216.0	1690.0
249.0	1690.0
280.0	1690.0
315.0	1690.0
346.0	1690.0
379.0	1690.0
415.0	1690.0
448.0	1690.0
478.0	1690.0
0.0	1691.0
3.0	1691.0
7.0	1691.0
23.0	1691.0
51.0	1691.0
84.0	1691.0
116.0	1691.0
148.0	1691.0
184.0	1691.0
216.0	1691.0
249.0	1691.0
280.0	1691.0
315.0	1691.0
346.0	1691.0
379.0	1691.0
415.0	1691.0
448.0	1691.0
478.0	1691.0
0.0	1692.0
3.0	1692.0
7.0	1692.0
23.0	1692.0
51.0	1692.0
84.0	1692.0
116.0	1692.0
148.0	1692.0
184.0	1692.0
216.0	1692.0
249.0	1692.0
280.0	1692.0
315.0	1692.0
346.0	1692.0
379.0	1692.0
415.0	1692.0
448.0	1692.0
478.0	1692.0
0.0	1693.0
3.0	1693.0
7.0	1693.0
23.0	1693.0
51.0	1693.0
84.0	1693.0
116.0	1693.0
148.0	1693.0
184.0	1693.0
216.0	1693.0
249.0	1693.0
280.0	1693.0
315.0	1693.0
346.0	1693.0
379.0	1693.0
415.0	1693.0
448.0	1693.0
478.0	1693.0
0.0	1748.0
4.0	1748.0
0.0	1749.0
3.0	1749.0
7.0	1749.0
23.0	1749.0
51.0	1749.0
84.0	1749.0
116.0	1749.0
148.0	1749.0
184.0	1749.0
216.0	1749.0
249.0	1749.0
280.0	1749.0
315.0	1749.0
346.0	1749.0
379.0	1749.0
415.0	1749.0
448.0	1749.0
478.0	1749.0
0.0	1750.0
3.0	1750.0
7.0	1750.0
23.0	1750.0
51.0	1750.0
84.0	1750.0
116.0	1750.0
148.0	1750.0
184.0	1750.0
216.0	1750.0
249.0	1750.0
280.0	1750.0
315.0	1750.0
346.0	1750.0
379.0	1750.0
415.0	1750.0
448.0	1750.0
478.0	1750.0
0.0	1751.0
3.0	1751.0
7.0	1751.0
23.0	1751.0
51.0	1751.0
84.0	1751.0
116.0	1751.0
148.0	1751.0
184.0	1751.0
216.0	1751.0
249.0	1751.0
280.0	1751.0
315.0	1751.0
346.0	1751.0
379.0	1751.0
415.0	1751.0
448.0	1751.0
478.0	1751.0
0.0	1752.0
3.0	1752.0
7.0	1752.0
23.0	1752.0
51.0	1752.0
84.0	1752.0
116.0	1752.0
148.0	1752.0
184.0	1752.0
216.0	1752.0
249.0	1752.0
280.0	1752.0
315.0	1752.0
346.0	1752.0
379.0	1752.0
415.0	1752.0
448.0	1752.0
478.0	1752.0
0.0	1753.0
3.0	1753.0
7.0	1753.0
23.0	1753.0
51.0	1753.0
84.0	1753.0
116.0	1753.0
148.0	1753.0
184.0	1753.0
216.0	1753.0
249.0	1753.0
280.0	1753.0
315.0	1753.0
346.0	1753.0
379.0	1753.0
415.0	1753.0
448.0	1753.0
478.0	1753.0
0.0	1754.0
3.0	1754.0
7.0	1754.0
23.0	1754.0
51.0	1754.0
84.0	1754.0
116.0	1754.0
148.0	1754.0
184.0	1754.0
216.0	1754.0
249.0	1754.0
280.0	1754.0
315.0	1754.0
346.0	1754.0
379.0	1754.0
415.0	1754.0
448.0	1754.0
478.0	1754.0
0.0	1755.0
3.0	1755.0
7.0	1755.0
23.0	1755.0
51.0	1755.0
84.0	1755.0
116.0	1755.0
148.0	1755.0
184.0	1755.0
216.0	1755.0
249.0	1755.0
280.0	1755.0
315.0	1755.0
346.0	1755.0
379.0	1755.0
415.0	1755.0
448.0	1755.0
478.0	1755.0
0.0	1756.0
3.0	1756.0
7.0	1756.0
23.0	1756.0
51.0	1756.0
84.0	1756.0
116.0	1756.0
148.0	1756.0
184.0	1756.0
216.0	1756.0
249.0	1756.0
280.0	1756.0
315.0	1756.0
346.0	1756.0
379.0	1756.0
415.0	1756.0
448.0	1756.0
478.0	1756.0
0.0	1757.0
3.0	1757.0
7.0	1757.0
23.0	1757.0
51.0	1757.0
84.0	1757.0
116.0	1757.0
148.0	1757.0
184.0	1757.0
216.0	1757.0
249.0	1757.0
280.0	1757.0
315.0	1757.0
346.0	1757.0
379.0	1757.0
415.0	1757.0
448.0	1757.0
478.0	1757.0
0.0	1813.0
3.0	1813.0
7.0	1813.0
23.0	1813.0
51.0	1813.0
84.0	1813.0
116.0	1813.0
148.0	1813.0
184.0	1813.0
216.0	1813.0
249.0	1813.0
280.0	1813.0
315.0	1813.0
346.0	1813.0
379.0	1813.0
415.0	1813.0
448.0	1813.0
478.0	1813.0
0.0	1814.0
3.0	1814.0
7.0	1814.0
23.0	1814.0
51.0	1814.0
84.0	1814.0
116.0	1814.0
148.0	1814.0
184.0	1814.0
216.0	1814.0
249.0	1814.0
280.0	1814.0
315.0	1814.0
346.0	1814.0
379.0	1814.0
415.0	1814.0
448.0	1814.0
478.0	1814.0
0.0	1815.0
3.0	1815.0
7.0	1815.0
23.0	1815.0
51.0	1815.0
84.0	1815.0
116.0	1815.0
148.0	1815.0
184.0	1815.0
216.0	1815.0
249.0	1815.0
280.0	1815.0
315.0	1815.0
346.0	1815.0
379.0	1815.0
415.0	1815.0
448.0	1815.0
478.0	1815.0
0.0	1816.0
3.0	1816.0
7.0	1816.0
23.0	1816.0
51.0	1816.0
84.0	1816.0
116.0	1816.0
148.0	1816.0
184.0	1816.0
216.0	1816.0
249.0	1816.0
280.0	1816.0
315.0	1816.0
346.0	1816.0
379.0	1816.0
415.0	1816.0
448.0	1816.0
478.0	1816.0
0.0	1817.0
3.0	1817.0
7.0	1817.0
23.0	1817.0
51.0	1817.0
84.0	1817.0
116.0	1817.0
148.0	1817.0
184.0	1817.0
216.0	1817.0
249.0	1817.0
280.0	1817.0
315.0	1817.0
346.0	1817.0
379.0	1817.0
415.0	1817.0
448.0	1817.0
478.0	1817.0
0.0	1818.0
3.0	1818.0
7.0	1818.0
23.0	1818.0
51.0	1818.0
84.0	1818.0
116.0	1818.0
148.0	1818.0
184.0	1818.0
216.0	1818.0
249.0	1818.0
280.0	1818.0
315.0	1818.0
346.0	1818.0
379.0	1818.0
415.0	1818.0
448.0	1818.0
478.0	1818.0
0.0	1819.0
3.0	1819.0
7.0	1819.0
23.0	1819.0
51.0	1819.0
84.0	1819.0
116.0	1819.0
148.0	1819.0
184.0	1819.0
216.0	1819.0
249.0	1819.0
280.0	1819.0
315.0	1819.0
346.0	1819.0
379.0	1819.0
415.0	1819.0
448.0	1819.0
478.0	1819.0
0.0	1820.0
3.0	1820.0
7.0	1820.0
23.0	1820.0
51.0	1820.0
84.0	1820.0
116.0	1820.0
148.0	1820.0
184.0	1820.0
216.0	1820.0
249.0	1820.0
280.0	1820.0
315.0	1820.0
346.0	1820.0
379.0	1820.0
415.0	1820.0
448.0	1820.0
478.0	1820.0
0.0	1821.0
3.0	1821.0
7.0	1821.0
23.0	1821.0
51.0	1821.0
84.0	1821.0
116.0	1821.0
148.0	1821.0
184.0	1821.0
216.0	1821.0
249.0	1821.0
280.0	1821.0
315.0	1821.0
346.0	1821.0
379.0	1821.0
415.0	1821.0
448.0	1821.0
478.0	1821.0
0.0	1877.0
3.0	1877.0
7.0	1877.0
23.0	1877.0
51.0	1877.0
84.0	1877.0
116.0	1877.0
148.0	1877.0
184.0	1877.0
216.0	1877.0
249.0	1877.0
280.0	1877.0
315.0	1877.0
346.0	1877.0
379.0	1877.0
415.0	1877.0
448.0	1877.0
478.0	1877.0
0.0	1878.0
3.0	1878.0
7.0	1878.0
23.0	1878.0
51.0	1878.0
84.0	1878.0
116.0	1878.0
148.0	1878.0
184.0	1878.0
216.0	1878.0
249.0	1878.0
280.0	1878.0
315.0	1878.0
346.0	1878.0
379.0	1878.0
415.0	1878.0
448.0	1878.0
478.0	1878.0
0.0	1879.0
3.0	1879.0
7.0	1879.0
23.0	1879.0
51.0	1879.0
84.0	1879.0
116.0	1879.0
148.0	1879.0
184.0	1879.0
216.0	1879.0
249.0	1879.0
280.0	1879.0
315.0	1879.0
346.0	1879.0
379.0	1879.0
415.0	1879.0
448.0	1879.0
478.0	1879.0
0.0	1880.0
3.0	1880.0
7.0	1880.0
23.0	1880.0
51.0	1880.0
84.0	1880.0
116.0	1880.0
148.0	1880.0
184.0	1880.0
216.0	1880.0
249.0	1880.0
280.0	1880.0
315.0	1880.0
346.0	1880.0
379.0	1880.0
415.0	1880.0
448.0	1880.0
478.0	1880.0
0.0	1881.0
3.0	1881.0
7.0	1881.0
23.0	1881.0
51.0	1881.0
84.0	1881.0
116.0	1881.0
148.0	1881.0
184.0	1881.0
216.0	1881.0
249.0	1881.0
280.0	1881.0
315.0	1881.0
346.0	1881.0
379.0	1881.0
415.0	1881.0
448.0	1881.0
478.0	1881.0
0.0	1882.0
3.0	1882.0
7.0	1882.0
23.0	1882.0
51.0	1882.0
84.0	1882.0
116.0	1882.0
148.0	1882.0
184.0	1882.0
216.0	1882.0
249.0	1882.0
280.0	1882.0
315.0	1882.0
346.0	1882.0
379.0	1882.0
415.0	1882.0
448.0	1882.0
478.0	1882.0
0.0	1883.0
3.0	1883.0
7.0	1883.0
23.0	1883.0
51.0	1883.0
84.0	1883.0
116.0	1883.0
148.0	1883.0
184.0	1883.0
216.0	1883.0
249.0	1883.0
280.0	1883.0
315.0	1883.0
346.0	1883.0
379.0	1883.0
415.0	1883.0
448.0	1883.0
478.0	1883.0
0.0	1884.0
3.0	1884.0
7.0	1884.0
23.0	1884.0
51.0	1884.0
84.0	1884.0
116.0	1884.0
148.0	1884.0
184.0	1884.0
216.0	1884.0
249.0	1884.0
280.0	1884.0
315.0	1884.0
346.0	1884.0
379.0	1884.0
415.0	1884.0
448.0	1884.0
478.0	1884.0
0.0	1885.0
3.0	1885.0
7.0	1885.0
23.0	1885.0
51.0	1885.0
84.0	1885.0
116.0	1885.0
148.0	1885.0
184.0	1885.0
216.0	1885.0
249.0	1885.0
280.0	1885.0
315.0	1885.0
346.0	1885.0
379.0	1885.0
415.0	1885.0
448.0	1885.0
478.0	1885.0
0.0	1941.0
3.0	1941.0
7.0	1941.0
23.0	1941.0
51.0	1941.0
84.0	1941.0
116.0	1941.0
148.0	1941.0
184.0	1941.0
216.0	1941.0
249.0	1941.0
280.0	1941.0
315.0	1941.0
346.0	1941.0
379.0	1941.0
415.0	1941.0
448.0	1941.0
478.0	1941.0
0.0	1942.0
3.0	1942.0
7.0	1942.0
23.0	1942.0
51.0	1942.0
84.0	1942.0
116.0	1942.0
148.0	1942.0
184.0	1942.0
216.0	1942.0
249.0	1942.0
280.0	1942.0
315.0	1942.0
346.0	1942.0
379.0	1942.0
415.0	1942.0
448.0	1942.0
478.0	1942.0
0.0	1943.0
3.0	1943.0
7.0	1943.0
23.0	1943.0
51.0	1943.0
84.0	1943.0
116.0	1943.0
148.0	1943.0
184.0	1943.0
216.0	1943.0
249.0	1943.0
280.0	1943.0
315.0	1943.0
346.0	1943.0
379.0	1943.0
415.0	1943.0
448.0	1943.0
478.0	1943.0
0.0	1944.0
3.0	1944.0
7.0	1944.0
23.0	1944.0
51.0	1944.0
84.0	1944.0
116.0	1944.0
148.0	1944.0
184.0	1944.0
216.0	1944.0
249.0	1944.0
280.0	1944.0
315.0	1944.0
346.0	1944.0
379.0	1944.0
415.0	1944.0
448.0	1944.0
478.0	1944.0
0.0	1945.0
3.0	1945.0
7.0	1945.0
23.0	1945.0
51.0	1945.0
84.0	1945.0
116.0	1945.0
148.0	1945.0
184.0	1945.0
216.0	1945.0
249.0	1945.0
280.0	1945.0
315.0	1945.0
346.0	1945.0
379.0	1945.0
415.0	1945.0
448.0	1945.0
478.0	1945.0
0.0	1946.0
3.0	1946.0
7.0	1946.0
23.0	1946.0
51.0	1946.0
84.0	1946.0
116.0	1946.0
148.0	1946.0
184.0	1946.0
216.0	1946.0
249.0	1946.0
280.0	1946.0
315.0	1946.0
346.0	1946.0
379.0	1946.0
415.0	1946.0
448.0	1946.0
478.0	1946.0
0.0	1947.0
3.0	1947.0
7.0	1947.0
23.0	1947.0
51.0	1947.0
84.0	1947.0
116.0	1947.0
148.0	1947.0
184.0	1947.0
216.0	1947.0
249.0	1947.0
280.0	1947.0
315.0	1947.0
346.0	1947.0
379.0	1947.0
415.0	1947.0
448.0	1947.0
478.0	1947.0
0.0	1948.0
3.0	1948.0
7.0	1948.0
23.0	1948.0
51.0	1948.0
84.0	1948.0
116.0	1948.0
148.0	1948.0
184.0	1948.0
216.0	1948.0
249.0	1948.0
280.0	1948.0
315.0	1948.0
346.0	1948.0
379.0	1948.0
415.0	1948.0
448.0	1948.0
478.0	1948.0
0.0	1949.0
3.0	1949.0
7.0	1949.0
23.0	1949.0
51.0	1949.0
84.0	1949.0
116.0	1949.0
148.0	1949.0
184.0	1949.0
216.0	1949.0
249.0	1949.0
280.0	1949.0
315.0	1949.0
346.0	1949.0
379.0	1949.0
415.0	1949.0
448.0	1949.0
478.0	1949.0
0.0	2005.0
3.0	2005.0
7.0	2005.0
23.0	2005.0
51.0	2005.0
84.0	2005.0
116.0	2005.0
148.0	2005.0
184.0	2005.0
216.0	2005.0
249.0	2005.0
280.0	2005.0
315.0	2005.0
346.0	2005.0
379.0	2005.0
415.0	2005.0
448.0	2005.0
478.0	2005.0
0.0	2006.0
3.0	2006.0
7.0	2006.0
23.0	2006.0
51.0	2006.0
84.0	2006.0
116.0	2006.0
148.0	2006.0
184.0	2006.0
216.0	2006.0
249.0	2006.0
280.0	2006.0
315.0	2006.0
346.0	2006.0
379.0	2006.0
415.0	2006.0
448.0	2006.0
478.0	2006.0
0.0	2007.0
3.0	2007.0
7.0	2007.0
23.0	2007.0
51.0	2007.0
84.0	2007.0
116.0	2007.0
148.0	2007.0
184.0	2007.0
216.0	2007.0
249.0	2007.0
280.0	2007.0
315.0	2007.0
346.0	2007.0
379.0	2007.0
415.0	2007.0
448.0	2007.0
478.0	2007.0
0.0	2008.0
3.0	2008.0
7.0	2008.0
23.0	2008.0
51.0	2008.0
84.0	2008.0
116.0	2008.0
148.0	2008.0
184.0	2008.0
216.0	2008.0
249.0	2008.0
280.0	2008.0
315.0	2008.0
346.0	2008.0
379.0	2008.0
415.0	2008.0
448.0	2008.0
478.0	2008.0
0.0	2009.0
3.0	2009.0
7.0	2009.0
23.0	2009.0
51.0	2009.0
84.0	2009.0
116.0	2009.0
148.0	2009.0
184.0	2009.0
216.0	2009.0
249.0	2009.0
280.0	2009.0
315.0	2009.0
346.0	2009.0
379.0	2009.0
415.0	2009.0
448.0	2009.0
478.0	2009.0
0.0	2010.0
3.0	2010.0
7.0	2010.0
23.0	2010.0
51.0	2010.0
84.0	2010.0
116.0	2010.0
148.0	2010.0
184.0	2010.0
216.0	2010.0
249.0	2010.0
280.0	2010.0
315.0	2010.0
346.0	2010.0
379.0	2010.0
415.0	2010.0
448.0	2010.0
478.0	2010.0
0.0	2011.0
3.0	2011.0
7.0	2011.0
23.0	2011.0
51.0	2011.0
84.0	2011.0
116.0	2011.0
148.0	2011.0
184.0	2011.0
216.0	2011.0
249.0	2011.0
280.0	2011.0
315.0	2011.0
346.0	2011.0
379.0	2011.0
415.0	2011.0
448.0	2011.0
478.0	2011.0
0.0	2012.0
3.0	2012.0
7.0	2012.0
23.0	2012.0
51.0	2012.0
84.0	2012.0
116.0	2012.0
148.0	2012.0
184.0	2012.0
216.0	2012.0
249.0	2012.0
280.0	2012.0
315.0	2012.0
346.0	2012.0
379.0	2012.0
415.0	2012.0
448.0	2012.0
478.0	2012.0
0.0	2013.0
3.0	2013.0
7.0	2013.0
23.0	2013.0
51.0	2013.0
84.0	2013.0
116.0	2013.0
148.0	2013.0
184.0	2013.0
216.0	2013.0
249.0	2013.0
280.0	2013.0
315.0	2013.0
346.0	2013.0
379.0	2013.0
415.0	2013.0
448.0	2013.0
478.0	2013.0
0.0	2070.0
3.0	2070.0
7.0	2070.0
23.0	2070.0
51.0	2070.0
84.0	2070.0
116.0	2070.0
148.0	2070.0
184.0	2070.0
216.0	2070.0
249.0	2070.0
280.0	2070.0
315.0	2070.0
346.0	2070.0
379.0	2070.0
415.0	2070.0
448.0	2070.0
478.0	2070.0
0.0	2071.0
3.0	2071.0
7.0	2071.0
23.0	2071.0
51.0	2071.0
84.0	2071.0
116.0	2071.0
148.0	2071.0
184.0	2071.0
216.0	2071.0
249.0	2071.0
280.0	2071.0
315.0	2071.0
346.0	2071.0
379.0	2071.0
415.0	2071.0
448.0	2071.0
478.0	2071.0
0.0	2072.0
3.0	2072.0
7.0	2072.0
23.0	2072.0
51.0	2072.0
84.0	2072.0
116.0	2072.0
148.0	2072.0
184.0	2072.0
216.0	2072.0
249.0	2072.0
280.0	2072.0
315.0	2072.0
346.0	2072.0
379.0	2072.0
415.0	2072.0
448.0	2072.0
478.0	2072.0
0.0	2073.0
3.0	2073.0
7.0	2073.0
23.0	2073.0
51.0	2073.0
84.0	2073.0
116.0	2073.0
148.0	2073.0
184.0	2073.0
216.0	2073.0
249.0	2073.0
280.0	2073.0
315.0	2073.0
346.0	2073.0
379.0	2073.0
415.0	2073.0
448.0	2073.0
478.0	2073.0
0.0	2074.0
3.0	2074.0
7.0	2074.0
23.0	2074.0
51.0	2074.0
84.0	2074.0
116.0	2074.0
148.0	2074.0
184.0	2074.0
216.0	2074.0
249.0	2074.0
280.0	2074.0
315.0	2074.0
346.0	2074.0
379.0	2074.0
415.0	2074.0
448.0	2074.0
478.0	2074.0
0.0	2075.0
3.0	2075.0
7.0	2075.0
23.0	2075.0
51.0	2075.0
84.0	2075.0
116.0	2075.0
148.0	2075.0
184.0	2075.0
216.0	2075.0
249.0	2075.0
280.0	2075.0
315.0	2075.0
346.0	2075.0
379.0	2075.0
415.0	2075.0
448.0	2075.0
478.0	2075.0
0.0	2076.0
3.0	2076.0
7.0	2076.0
23.0	2076.0
51.0	2076.0
84.0	2076.0
116.0	2076.0
148.0	2076.0
184.0	2076.0
216.0	2076.0
249.0	2076.0
280.0	2076.0
315.0	2076.0
346.0	2076.0
379.0	2076.0
415.0	2076.0
448.0	2076.0
478.0	2076.0
