# first_id = 0
# n = 1024
# dimensions = [1024]
# last_id = 1023
# runtime = 500
1.0	107.0
85.0	107.0
0.0	108.0
3.0	108.0
7.0	108.0
22.0	108.0
51.0	108.0
84.0	108.0
114.0	108.0
147.0	108.0
183.0	108.0
216.0	108.0
248.0	108.0
280.0	108.0
315.0	108.0
346.0	108.0
378.0	108.0
415.0	108.0
448.0	108.0
478.0	108.0
0.0	109.0
3.0	109.0
7.0	109.0
22.0	109.0
51.0	109.0
84.0	109.0
114.0	109.0
147.0	109.0
183.0	109.0
216.0	109.0
248.0	109.0
280.0	109.0
315.0	109.0
346.0	109.0
378.0	109.0
415.0	109.0
448.0	109.0
478.0	109.0
0.0	110.0
3.0	110.0
7.0	110.0
22.0	110.0
51.0	110.0
84.0	110.0
114.0	110.0
147.0	110.0
183.0	110.0
216.0	110.0
248.0	110.0
280.0	110.0
315.0	110.0
346.0	110.0
378.0	110.0
415.0	110.0
448.0	110.0
478.0	110.0
0.0	137.0
3.0	137.0
7.0	137.0
22.0	137.0
51.0	137.0
84.0	137.0
114.0	137.0
147.0	137.0
183.0	137.0
216.0	137.0
248.0	137.0
280.0	137.0
315.0	137.0
346.0	137.0
378.0	137.0
415.0	137.0
448.0	137.0
478.0	137.0
0.0	138.0
3.0	138.0
7.0	138.0
22.0	138.0
51.0	138.0
84.0	138.0
114.0	138.0
147.0	138.0
183.0	138.0
216.0	138.0
248.0	138.0
280.0	138.0
315.0	138.0
346.0	138.0
378.0	138.0
415.0	138.0
448.0	138.0
478.0	138.0
0.0	139.0
3.0	139.0
7.0	139.0
22.0	139.0
51.0	139.0
84.0	139.0
114.0	139.0
147.0	139.0
183.0	139.0
216.0	139.0
248.0	139.0
280.0	139.0
315.0	139.0
346.0	139.0
378.0	139.0
415.0	139.0
448.0	139.0
478.0	139.0
0.0	140.0
3.0	140.0
7.0	140.0
22.0	140.0
51.0	140.0
84.0	140.0
114.0	140.0
147.0	140.0
183.0	140.0
216.0	140.0
248.0	140.0
280.0	140.0
315.0	140.0
346.0	140.0
378.0	140.0
415.0	140.0
448.0	140.0
478.0	140.0
0.0	141.0
3.0	141.0
7.0	141.0
22.0	141.0
51.0	141.0
84.0	141.0
114.0	141.0
147.0	141.0
183.0	141.0
216.0	141.0
248.0	141.0
280.0	141.0
315.0	141.0
346.0	141.0
378.0	141.0
415.0	141.0
448.0	141.0
478.0	141.0
0.0	142.0
3.0	142.0
7.0	142.0
22.0	142.0
51.0	142.0
84.0	142.0
114.0	142.0
147.0	142.0
183.0	142.0
216.0	142.0
248.0	142.0
280.0	142.0
315.0	142.0
346.0	142.0
378.0	142.0
415.0	142.0
448.0	142.0
478.0	142.0
0.0	143.0
3.0	143.0
7.0	143.0
148.0	143.0
183.0	143.0
347.0	143.0
0.0	169.0
3.0	169.0
7.0	169.0
22.0	169.0
51.0	169.0
84.0	169.0
114.0	169.0
147.0	169.0
183.0	169.0
216.0	169.0
248.0	169.0
280.0	169.0
315.0	169.0
346.0	169.0
378.0	169.0
415.0	169.0
448.0	169.0
478.0	169.0
0.0	170.0
3.0	170.0
7.0	170.0
22.0	170.0
51.0	170.0
84.0	170.0
114.0	170.0
147.0	170.0
183.0	170.0
216.0	170.0
248.0	170.0
280.0	170.0
315.0	170.0
346.0	170.0
378.0	170.0
415.0	170.0
448.0	170.0
478.0	170.0
0.0	171.0
3.0	171.0
7.0	171.0
22.0	171.0
51.0	171.0
84.0	171.0
114.0	171.0
147.0	171.0
183.0	171.0
216.0	171.0
248.0	171.0
280.0	171.0
315.0	171.0
346.0	171.0
378.0	171.0
415.0	171.0
448.0	171.0
478.0	171.0
0.0	172.0
3.0	172.0
7.0	172.0
22.0	172.0
51.0	172.0
84.0	172.0
114.0	172.0
147.0	172.0
183.0	172.0
216.0	172.0
248.0	172.0
280.0	172.0
315.0	172.0
346.0	172.0
378.0	172.0
415.0	172.0
448.0	172.0
478.0	172.0
0.0	173.0
3.0	173.0
7.0	173.0
22.0	173.0
51.0	173.0
84.0	173.0
114.0	173.0
147.0	173.0
183.0	173.0
216.0	173.0
248.0	173.0
280.0	173.0
315.0	173.0
346.0	173.0
378.0	173.0
415.0	173.0
448.0	173.0
478.0	173.0
0.0	174.0
3.0	174.0
7.0	174.0
22.0	174.0
51.0	174.0
84.0	174.0
114.0	174.0
147.0	174.0
183.0	174.0
216.0	174.0
248.0	174.0
280.0	174.0
315.0	174.0
346.0	174.0
378.0	174.0
415.0	174.0
448.0	174.0
478.0	174.0
0.0	175.0
3.0	175.0
7.0	175.0
148.0	175.0
183.0	175.0
347.0	175.0
0.0	201.0
3.0	201.0
7.0	201.0
22.0	201.0
51.0	201.0
84.0	201.0
114.0	201.0
147.0	201.0
183.0	201.0
216.0	201.0
248.0	201.0
280.0	201.0
315.0	201.0
346.0	201.0
378.0	201.0
415.0	201.0
448.0	201.0
478.0	201.0
0.0	202.0
3.0	202.0
7.0	202.0
22.0	202.0
51.0	202.0
84.0	202.0
114.0	202.0
147.0	202.0
183.0	202.0
216.0	202.0
248.0	202.0
280.0	202.0
315.0	202.0
346.0	202.0
378.0	202.0
415.0	202.0
448.0	202.0
478.0	202.0
0.0	203.0
3.0	203.0
7.0	203.0
22.0	203.0
51.0	203.0
84.0	203.0
114.0	203.0
147.0	203.0
183.0	203.0
216.0	203.0
248.0	203.0
280.0	203.0
315.0	203.0
346.0	203.0
378.0	203.0
415.0	203.0
448.0	203.0
478.0	203.0
0.0	204.0
3.0	204.0
7.0	204.0
22.0	204.0
51.0	204.0
84.0	204.0
114.0	204.0
147.0	204.0
183.0	204.0
216.0	204.0
248.0	204.0
280.0	204.0
315.0	204.0
346.0	204.0
378.0	204.0
415.0	204.0
448.0	204.0
478.0	204.0
0.0	205.0
3.0	205.0
7.0	205.0
22.0	205.0
51.0	205.0
84.0	205.0
114.0	205.0
147.0	205.0
183.0	205.0
216.0	205.0
248.0	205.0
280.0	205.0
315.0	205.0
346.0	205.0
378.0	205.0
415.0	205.0
448.0	205.0
478.0	205.0
0.0	206.0
3.0	206.0
7.0	206.0
22.0	206.0
51.0	206.0
84.0	206.0
114.0	206.0
147.0	206.0
183.0	206.0
216.0	206.0
248.0	206.0
280.0	206.0
315.0	206.0
346.0	206.0
378.0	206.0
415.0	206.0
448.0	206.0
478.0	206.0
0.0	207.0
3.0	207.0
7.0	207.0
148.0	207.0
183.0	207.0
347.0	207.0
0.0	233.0
3.0	233.0
7.0	233.0
22.0	233.0
51.0	233.0
84.0	233.0
114.0	233.0
147.0	233.0
183.0	233.0
216.0	233.0
248.0	233.0
280.0	233.0
315.0	233.0
346.0	233.0
378.0	233.0
415.0	233.0
448.0	233.0
478.0	233.0
0.0	234.0
3.0	234.0
7.0	234.0
22.0	234.0
51.0	234.0
84.0	234.0
114.0	234.0
147.0	234.0
183.0	234.0
216.0	234.0
248.0	234.0
280.0	234.0
315.0	234.0
346.0	234.0
378.0	234.0
415.0	234.0
448.0	234.0
478.0	234.0
0.0	235.0
3.0	235.0
7.0	235.0
22.0	235.0
51.0	235.0
84.0	235.0
114.0	235.0
147.0	235.0
183.0	235.0
216.0	235.0
248.0	235.0
280.0	235.0
315.0	235.0
346.0	235.0
378.0	235.0
415.0	235.0
448.0	235.0
478.0	235.0
0.0	236.0
3.0	236.0
7.0	236.0
22.0	236.0
51.0	236.0
84.0	236.0
114.0	236.0
147.0	236.0
183.0	236.0
216.0	236.0
248.0	236.0
280.0	236.0
315.0	236.0
346.0	236.0
378.0	236.0
415.0	236.0
448.0	236.0
478.0	236.0
0.0	237.0
3.0	237.0
7.0	237.0
22.0	237.0
51.0	237.0
84.0	237.0
114.0	237.0
147.0	237.0
183.0	237.0
216.0	237.0
248.0	237.0
280.0	237.0
315.0	237.0
346.0	237.0
378.0	237.0
415.0	237.0
448.0	237.0
478.0	237.0
0.0	238.0
3.0	238.0
7.0	238.0
22.0	238.0
51.0	238.0
84.0	238.0
114.0	238.0
147.0	238.0
183.0	238.0
216.0	238.0
248.0	238.0
280.0	238.0
315.0	238.0
346.0	238.0
378.0	238.0
415.0	238.0
448.0	238.0
478.0	238.0
0.0	239.0
3.0	239.0
7.0	239.0
148.0	239.0
183.0	239.0
347.0	239.0
0.0	265.0
3.0	265.0
7.0	265.0
22.0	265.0
51.0	265.0
84.0	265.0
114.0	265.0
147.0	265.0
183.0	265.0
216.0	265.0
248.0	265.0
280.0	265.0
315.0	265.0
346.0	265.0
378.0	265.0
415.0	265.0
448.0	265.0
478.0	265.0
0.0	266.0
3.0	266.0
7.0	266.0
22.0	266.0
51.0	266.0
84.0	266.0
114.0	266.0
147.0	266.0
183.0	266.0
216.0	266.0
248.0	266.0
280.0	266.0
315.0	266.0
346.0	266.0
378.0	266.0
415.0	266.0
448.0	266.0
478.0	266.0
0.0	267.0
3.0	267.0
7.0	267.0
22.0	267.0
51.0	267.0
84.0	267.0
114.0	267.0
147.0	267.0
183.0	267.0
216.0	267.0
248.0	267.0
280.0	267.0
315.0	267.0
346.0	267.0
378.0	267.0
415.0	267.0
448.0	267.0
478.0	267.0
0.0	268.0
3.0	268.0
7.0	268.0
22.0	268.0
51.0	268.0
84.0	268.0
114.0	268.0
147.0	268.0
183.0	268.0
216.0	268.0
248.0	268.0
280.0	268.0
315.0	268.0
346.0	268.0
378.0	268.0
415.0	268.0
448.0	268.0
478.0	268.0
0.0	269.0
3.0	269.0
7.0	269.0
22.0	269.0
51.0	269.0
84.0	269.0
114.0	269.0
147.0	269.0
183.0	269.0
216.0	269.0
248.0	269.0
280.0	269.0
315.0	269.0
346.0	269.0
378.0	269.0
415.0	269.0
448.0	269.0
478.0	269.0
0.0	270.0
3.0	270.0
7.0	270.0
22.0	270.0
51.0	270.0
84.0	270.0
114.0	270.0
147.0	270.0
183.0	270.0
216.0	270.0
248.0	270.0
280.0	270.0
315.0	270.0
346.0	270.0
378.0	270.0
415.0	270.0
448.0	270.0
478.0	270.0
0.0	271.0
3.0	271.0
7.0	271.0
148.0	271.0
183.0	271.0
347.0	271.0
0.0	297.0
3.0	297.0
7.0	297.0
22.0	297.0
51.0	297.0
84.0	297.0
114.0	297.0
147.0	297.0
183.0	297.0
216.0	297.0
248.0	297.0
280.0	297.0
315.0	297.0
346.0	297.0
378.0	297.0
415.0	297.0
448.0	297.0
478.0	297.0
0.0	298.0
3.0	298.0
7.0	298.0
22.0	298.0
51.0	298.0
84.0	298.0
114.0	298.0
147.0	298.0
183.0	298.0
216.0	298.0
248.0	298.0
280.0	298.0
315.0	298.0
346.0	298.0
378.0	298.0
415.0	298.0
448.0	298.0
478.0	298.0
0.0	299.0
3.0	299.0
7.0	299.0
22.0	299.0
51.0	299.0
84.0	299.0
114.0	299.0
147.0	299.0
183.0	299.0
216.0	299.0
248.0	299.0
280.0	299.0
315.0	299.0
346.0	299.0
378.0	299.0
415.0	299.0
448.0	299.0
478.0	299.0
0.0	300.0
3.0	300.0
7.0	300.0
22.0	300.0
51.0	300.0
84.0	300.0
114.0	300.0
147.0	300.0
183.0	300.0
216.0	300.0
248.0	300.0
280.0	300.0
315.0	300.0
346.0	300.0
378.0	300.0
415.0	300.0
448.0	300.0
478.0	300.0
0.0	301.0
3.0	301.0
7.0	301.0
22.0	301.0
51.0	301.0
84.0	301.0
114.0	301.0
147.0	301.0
183.0	301.0
216.0	301.0
248.0	301.0
280.0	301.0
315.0	301.0
346.0	301.0
378.0	301.0
415.0	301.0
448.0	301.0
478.0	301.0
0.0	302.0
3.0	302.0
7.0	302.0
22.0	302.0
51.0	302.0
84.0	302.0
114.0	302.0
147.0	302.0
183.0	302.0
216.0	302.0
248.0	302.0
280.0	302.0
315.0	302.0
346.0	302.0
378.0	302.0
415.0	302.0
448.0	302.0
478.0	302.0
0.0	303.0
3.0	303.0
7.0	303.0
148.0	303.0
183.0	303.0
347.0	303.0
0.0	329.0
3.0	329.0
7.0	329.0
22.0	329.0
51.0	329.0
84.0	329.0
114.0	329.0
147.0	329.0
183.0	329.0
216.0	329.0
248.0	329.0
280.0	329.0
315.0	329.0
346.0	329.0
378.0	329.0
415.0	329.0
448.0	329.0
478.0	329.0
0.0	330.0
3.0	330.0
7.0	330.0
22.0	330.0
51.0	330.0
84.0	330.0
114.0	330.0
147.0	330.0
183.0	330.0
216.0	330.0
248.0	330.0
280.0	330.0
315.0	330.0
346.0	330.0
378.0	330.0
415.0	330.0
448.0	330.0
478.0	330.0
0.0	331.0
3.0	331.0
7.0	331.0
22.0	331.0
51.0	331.0
84.0	331.0
114.0	331.0
147.0	331.0
183.0	331.0
216.0	331.0
248.0	331.0
280.0	331.0
315.0	331.0
346.0	331.0
378.0	331.0
415.0	331.0
448.0	331.0
478.0	331.0
0.0	332.0
3.0	332.0
7.0	332.0
22.0	332.0
51.0	332.0
84.0	332.0
114.0	332.0
147.0	332.0
183.0	332.0
216.0	332.0
248.0	332.0
280.0	332.0
315.0	332.0
346.0	332.0
378.0	332.0
415.0	332.0
448.0	332.0
478.0	332.0
0.0	333.0
3.0	333.0
7.0	333.0
22.0	333.0
51.0	333.0
84.0	333.0
114.0	333.0
147.0	333.0
183.0	333.0
216.0	333.0
248.0	333.0
280.0	333.0
315.0	333.0
346.0	333.0
378.0	333.0
415.0	333.0
448.0	333.0
478.0	333.0
0.0	334.0
3.0	334.0
7.0	334.0
22.0	334.0
51.0	334.0
84.0	334.0
114.0	334.0
147.0	334.0
183.0	334.0
216.0	334.0
248.0	334.0
280.0	334.0
315.0	334.0
346.0	334.0
378.0	334.0
415.0	334.0
448.0	334.0
478.0	334.0
0.0	335.0
3.0	335.0
7.0	335.0
148.0	335.0
183.0	335.0
347.0	335.0
0.0	361.0
3.0	361.0
7.0	361.0
22.0	361.0
51.0	361.0
84.0	361.0
114.0	361.0
147.0	361.0
183.0	361.0
216.0	361.0
248.0	361.0
280.0	361.0
315.0	361.0
346.0	361.0
378.0	361.0
415.0	361.0
448.0	361.0
478.0	361.0
0.0	362.0
3.0	362.0
7.0	362.0
22.0	362.0
51.0	362.0
84.0	362.0
114.0	362.0
147.0	362.0
183.0	362.0
216.0	362.0
248.0	362.0
280.0	362.0
315.0	362.0
346.0	362.0
378.0	362.0
415.0	362.0
448.0	362.0
478.0	362.0
0.0	363.0
3.0	363.0
7.0	363.0
22.0	363.0
51.0	363.0
84.0	363.0
114.0	363.0
147.0	363.0
183.0	363.0
216.0	363.0
248.0	363.0
280.0	363.0
315.0	363.0
346.0	363.0
378.0	363.0
415.0	363.0
448.0	363.0
478.0	363.0
0.0	364.0
3.0	364.0
7.0	364.0
22.0	364.0
51.0	364.0
84.0	364.0
114.0	364.0
147.0	364.0
183.0	364.0
216.0	364.0
248.0	364.0
280.0	364.0
315.0	364.0
346.0	364.0
378.0	364.0
415.0	364.0
448.0	364.0
478.0	364.0
0.0	365.0
3.0	365.0
7.0	365.0
22.0	365.0
51.0	365.0
84.0	365.0
114.0	365.0
147.0	365.0
183.0	365.0
216.0	365.0
248.0	365.0
280.0	365.0
315.0	365.0
346.0	365.0
378.0	365.0
415.0	365.0
448.0	365.0
478.0	365.0
0.0	366.0
3.0	366.0
7.0	366.0
22.0	366.0
51.0	366.0
84.0	366.0
114.0	366.0
147.0	366.0
183.0	366.0
216.0	366.0
248.0	366.0
280.0	366.0
315.0	366.0
346.0	366.0
378.0	366.0
415.0	366.0
448.0	366.0
478.0	366.0
0.0	367.0
3.0	367.0
7.0	367.0
148.0	367.0
183.0	367.0
347.0	367.0
0.0	393.0
3.0	393.0
7.0	393.0
22.0	393.0
51.0	393.0
84.0	393.0
114.0	393.0
147.0	393.0
183.0	393.0
216.0	393.0
248.0	393.0
280.0	393.0
315.0	393.0
346.0	393.0
378.0	393.0
415.0	393.0
448.0	393.0
478.0	393.0
0.0	394.0
3.0	394.0
7.0	394.0
22.0	394.0
51.0	394.0
84.0	394.0
114.0	394.0
147.0	394.0
183.0	394.0
216.0	394.0
248.0	394.0
280.0	394.0
315.0	394.0
346.0	394.0
378.0	394.0
415.0	394.0
448.0	394.0
478.0	394.0
0.0	395.0
3.0	395.0
7.0	395.0
22.0	395.0
51.0	395.0
84.0	395.0
114.0	395.0
147.0	395.0
183.0	395.0
216.0	395.0
248.0	395.0
280.0	395.0
315.0	395.0
346.0	395.0
378.0	395.0
415.0	395.0
448.0	395.0
478.0	395.0
0.0	396.0
3.0	396.0
7.0	396.0
22.0	396.0
51.0	396.0
84.0	396.0
114.0	396.0
147.0	396.0
183.0	396.0
216.0	396.0
248.0	396.0
280.0	396.0
315.0	396.0
346.0	396.0
378.0	396.0
415.0	396.0
448.0	396.0
478.0	396.0
0.0	397.0
3.0	397.0
7.0	397.0
22.0	397.0
51.0	397.0
84.0	397.0
114.0	397.0
147.0	397.0
183.0	397.0
216.0	397.0
248.0	397.0
280.0	397.0
315.0	397.0
346.0	397.0
378.0	397.0
415.0	397.0
448.0	397.0
478.0	397.0
0.0	398.0
3.0	398.0
7.0	398.0
22.0	398.0
51.0	398.0
84.0	398.0
114.0	398.0
147.0	398.0
183.0	398.0
216.0	398.0
248.0	398.0
280.0	398.0
315.0	398.0
346.0	398.0
378.0	398.0
415.0	398.0
448.0	398.0
478.0	398.0
0.0	399.0
3.0	399.0
7.0	399.0
148.0	399.0
183.0	399.0
347.0	399.0
0.0	425.0
3.0	425.0
7.0	425.0
52.0	425.0
148.0	425.0
183.0	425.0
216.0	425.0
281.0	425.0
315.0	425.0
346.0	425.0
378.0	425.0
415.0	425.0
448.0	425.0
478.0	425.0
0.0	426.0
3.0	426.0
7.0	426.0
22.0	426.0
51.0	426.0
84.0	426.0
114.0	426.0
147.0	426.0
183.0	426.0
216.0	426.0
248.0	426.0
280.0	426.0
315.0	426.0
346.0	426.0
378.0	426.0
415.0	426.0
448.0	426.0
478.0	426.0
0.0	427.0
3.0	427.0
7.0	427.0
22.0	427.0
51.0	427.0
84.0	427.0
114.0	427.0
147.0	427.0
183.0	427.0
216.0	427.0
248.0	427.0
280.0	427.0
315.0	427.0
346.0	427.0
378.0	427.0
415.0	427.0
448.0	427.0
478.0	427.0
0.0	428.0
3.0	428.0
7.0	428.0
22.0	428.0
51.0	428.0
84.0	428.0
114.0	428.0
147.0	428.0
183.0	428.0
216.0	428.0
248.0	428.0
280.0	428.0
315.0	428.0
346.0	428.0
378.0	428.0
415.0	428.0
448.0	428.0
478.0	428.0
0.0	429.0
3.0	429.0
7.0	429.0
22.0	429.0
51.0	429.0
84.0	429.0
114.0	429.0
147.0	429.0
183.0	429.0
216.0	429.0
248.0	429.0
280.0	429.0
315.0	429.0
346.0	429.0
378.0	429.0
415.0	429.0
448.0	429.0
478.0	429.0
0.0	430.0
3.0	430.0
7.0	430.0
22.0	430.0
51.0	430.0
84.0	430.0
114.0	430.0
147.0	430.0
183.0	430.0
216.0	430.0
248.0	430.0
280.0	430.0
315.0	430.0
346.0	430.0
378.0	430.0
415.0	430.0
448.0	430.0
478.0	430.0
0.0	431.0
3.0	431.0
7.0	431.0
148.0	431.0
183.0	431.0
347.0	431.0
0.0	458.0
3.0	458.0
7.0	458.0
22.0	458.0
51.0	458.0
84.0	458.0
114.0	458.0
147.0	458.0
183.0	458.0
216.0	458.0
248.0	458.0
280.0	458.0
315.0	458.0
346.0	458.0
378.0	458.0
415.0	458.0
448.0	458.0
478.0	458.0
0.0	459.0
3.0	459.0
7.0	459.0
22.0	459.0
51.0	459.0
84.0	459.0
114.0	459.0
147.0	459.0
183.0	459.0
216.0	459.0
248.0	459.0
280.0	459.0
315.0	459.0
346.0	459.0
378.0	459.0
415.0	459.0
448.0	459.0
478.0	459.0
0.0	460.0
3.0	460.0
7.0	460.0
22.0	460.0
51.0	460.0
84.0	460.0
114.0	460.0
147.0	460.0
183.0	460.0
216.0	460.0
248.0	460.0
280.0	460.0
315.0	460.0
346.0	460.0
378.0	460.0
415.0	460.0
448.0	460.0
478.0	460.0
0.0	461.0
3.0	461.0
7.0	461.0
22.0	461.0
51.0	461.0
84.0	461.0
114.0	461.0
147.0	461.0
183.0	461.0
216.0	461.0
248.0	461.0
280.0	461.0
315.0	461.0
346.0	461.0
378.0	461.0
415.0	461.0
448.0	461.0
478.0	461.0
0.0	462.0
3.0	462.0
7.0	462.0
22.0	462.0
51.0	462.0
84.0	462.0
114.0	462.0
147.0	462.0
183.0	462.0
216.0	462.0
248.0	462.0
280.0	462.0
315.0	462.0
346.0	462.0
378.0	462.0
415.0	462.0
448.0	462.0
478.0	462.0
0.0	463.0
3.0	463.0
7.0	463.0
148.0	463.0
183.0	463.0
347.0	463.0
0.0	490.0
3.0	490.0
7.0	490.0
22.0	490.0
51.0	490.0
84.0	490.0
114.0	490.0
147.0	490.0
183.0	490.0
216.0	490.0
248.0	490.0
280.0	490.0
315.0	490.0
346.0	490.0
378.0	490.0
415.0	490.0
448.0	490.0
478.0	490.0
0.0	491.0
3.0	491.0
7.0	491.0
22.0	491.0
51.0	491.0
84.0	491.0
114.0	491.0
147.0	491.0
183.0	491.0
216.0	491.0
248.0	491.0
280.0	491.0
315.0	491.0
346.0	491.0
378.0	491.0
415.0	491.0
448.0	491.0
478.0	491.0
0.0	492.0
3.0	492.0
7.0	492.0
22.0	492.0
51.0	492.0
84.0	492.0
114.0	492.0
147.0	492.0
183.0	492.0
216.0	492.0
248.0	492.0
280.0	492.0
315.0	492.0
346.0	492.0
378.0	492.0
415.0	492.0
448.0	492.0
478.0	492.0
0.0	493.0
3.0	493.0
7.0	493.0
22.0	493.0
51.0	493.0
84.0	493.0
114.0	493.0
147.0	493.0
183.0	493.0
216.0	493.0
248.0	493.0
280.0	493.0
315.0	493.0
346.0	493.0
378.0	493.0
415.0	493.0
448.0	493.0
478.0	493.0
0.0	494.0
3.0	494.0
7.0	494.0
22.0	494.0
51.0	494.0
84.0	494.0
114.0	494.0
147.0	494.0
183.0	494.0
216.0	494.0
248.0	494.0
280.0	494.0
315.0	494.0
346.0	494.0
378.0	494.0
415.0	494.0
448.0	494.0
478.0	494.0
0.0	495.0
3.0	495.0
7.0	495.0
148.0	495.0
183.0	495.0
347.0	495.0
0.0	522.0
3.0	522.0
7.0	522.0
22.0	522.0
51.0	522.0
84.0	522.0
114.0	522.0
147.0	522.0
183.0	522.0
216.0	522.0
248.0	522.0
280.0	522.0
315.0	522.0
346.0	522.0
378.0	522.0
415.0	522.0
448.0	522.0
478.0	522.0
0.0	523.0
3.0	523.0
7.0	523.0
22.0	523.0
51.0	523.0
84.0	523.0
114.0	523.0
147.0	523.0
183.0	523.0
216.0	523.0
248.0	523.0
280.0	523.0
315.0	523.0
346.0	523.0
378.0	523.0
415.0	523.0
448.0	523.0
478.0	523.0
0.0	524.0
3.0	524.0
7.0	524.0
22.0	524.0
51.0	524.0
84.0	524.0
114.0	524.0
147.0	524.0
183.0	524.0
216.0	524.0
248.0	524.0
280.0	524.0
315.0	524.0
346.0	524.0
378.0	524.0
415.0	524.0
448.0	524.0
478.0	524.0
0.0	525.0
3.0	525.0
7.0	525.0
22.0	525.0
51.0	525.0
84.0	525.0
114.0	525.0
147.0	525.0
183.0	525.0
216.0	525.0
248.0	525.0
280.0	525.0
315.0	525.0
346.0	525.0
378.0	525.0
415.0	525.0
448.0	525.0
478.0	525.0
0.0	526.0
3.0	526.0
7.0	526.0
22.0	526.0
51.0	526.0
84.0	526.0
114.0	526.0
147.0	526.0
183.0	526.0
216.0	526.0
248.0	526.0
280.0	526.0
315.0	526.0
346.0	526.0
378.0	526.0
415.0	526.0
448.0	526.0
478.0	526.0
