# first_id = 0
# n = 1024
# dimensions = [1024]
# last_id = 1023
# runtime = 500
1.0	7.0
101.0	7.0
133.0	7.0
232.0	7.0
1.0	8.0
101.0	8.0
133.0	8.0
232.0	8.0
1.0	9.0
101.0	9.0
133.0	9.0
232.0	9.0
1.0	40.0
101.0	40.0
133.0	40.0
232.0	40.0
0.0	491.0
3.0	491.0
7.0	491.0
34.0	491.0
69.0	491.0
100.0	491.0
133.0	491.0
165.0	491.0
196.0	491.0
231.0	491.0
265.0	491.0
297.0	491.0
331.0	491.0
365.0	491.0
398.0	491.0
431.0	491.0
461.0	491.0
496.0	491.0
0.0	492.0
3.0	492.0
7.0	492.0
34.0	492.0
69.0	492.0
100.0	492.0
133.0	492.0
165.0	492.0
196.0	492.0
231.0	492.0
265.0	492.0
297.0	492.0
331.0	492.0
365.0	492.0
398.0	492.0
431.0	492.0
461.0	492.0
496.0	492.0
0.0	493.0
3.0	493.0
7.0	493.0
34.0	493.0
69.0	493.0
100.0	493.0
133.0	493.0
165.0	493.0
196.0	493.0
231.0	493.0
265.0	493.0
297.0	493.0
331.0	493.0
365.0	493.0
398.0	493.0
431.0	493.0
461.0	493.0
496.0	493.0
0.0	494.0
3.0	494.0
7.0	494.0
34.0	494.0
69.0	494.0
100.0	494.0
133.0	494.0
165.0	494.0
196.0	494.0
231.0	494.0
265.0	494.0
297.0	494.0
331.0	494.0
365.0	494.0
398.0	494.0
431.0	494.0
461.0	494.0
496.0	494.0
0.0	495.0
3.0	495.0
7.0	495.0
34.0	495.0
69.0	495.0
100.0	495.0
133.0	495.0
165.0	495.0
196.0	495.0
231.0	495.0
265.0	495.0
297.0	495.0
331.0	495.0
365.0	495.0
398.0	495.0
430.0	495.0
461.0	495.0
496.0	495.0
0.0	522.0
3.0	522.0
7.0	522.0
34.0	522.0
69.0	522.0
100.0	522.0
133.0	522.0
165.0	522.0
196.0	522.0
231.0	522.0
265.0	522.0
297.0	522.0
331.0	522.0
365.0	522.0
398.0	522.0
431.0	522.0
461.0	522.0
496.0	522.0
0.0	523.0
3.0	523.0
7.0	523.0
34.0	523.0
69.0	523.0
100.0	523.0
133.0	523.0
165.0	523.0
196.0	523.0
231.0	523.0
265.0	523.0
297.0	523.0
331.0	523.0
365.0	523.0
398.0	523.0
431.0	523.0
461.0	523.0
496.0	523.0
0.0	524.0
3.0	524.0
7.0	524.0
34.0	524.0
69.0	524.0
100.0	524.0
133.0	524.0
165.0	524.0
196.0	524.0
231.0	524.0
265.0	524.0
297.0	524.0
331.0	524.0
365.0	524.0
398.0	524.0
431.0	524.0
461.0	524.0
496.0	524.0
0.0	525.0
3.0	525.0
7.0	525.0
34.0	525.0
69.0	525.0
100.0	525.0
133.0	525.0
165.0	525.0
196.0	525.0
231.0	525.0
265.0	525.0
297.0	525.0
331.0	525.0
365.0	525.0
398.0	525.0
431.0	525.0
461.0	525.0
496.0	525.0
0.0	526.0
3.0	526.0
7.0	526.0
34.0	526.0
69.0	526.0
100.0	526.0
133.0	526.0
165.0	526.0
196.0	526.0
231.0	526.0
265.0	526.0
297.0	526.0
331.0	526.0
365.0	526.0
398.0	526.0
431.0	526.0
461.0	526.0
496.0	526.0
0.0	527.0
3.0	527.0
7.0	527.0
34.0	527.0
69.0	527.0
100.0	527.0
133.0	527.0
165.0	527.0
196.0	527.0
231.0	527.0
265.0	527.0
297.0	527.0
331.0	527.0
365.0	527.0
398.0	527.0
430.0	527.0
461.0	527.0
496.0	527.0
0.0	554.0
3.0	554.0
7.0	554.0
34.0	554.0
69.0	554.0
100.0	554.0
133.0	554.0
165.0	554.0
196.0	554.0
231.0	554.0
265.0	554.0
297.0	554.0
331.0	554.0
365.0	554.0
398.0	554.0
431.0	554.0
461.0	554.0
496.0	554.0
0.0	555.0
3.0	555.0
7.0	555.0
34.0	555.0
69.0	555.0
100.0	555.0
133.0	555.0
165.0	555.0
196.0	555.0
231.0	555.0
265.0	555.0
297.0	555.0
331.0	555.0
365.0	555.0
398.0	555.0
431.0	555.0
461.0	555.0
496.0	555.0
0.0	556.0
3.0	556.0
7.0	556.0
34.0	556.0
69.0	556.0
100.0	556.0
133.0	556.0
165.0	556.0
196.0	556.0
231.0	556.0
265.0	556.0
297.0	556.0
331.0	556.0
365.0	556.0
398.0	556.0
431.0	556.0
461.0	556.0
496.0	556.0
0.0	557.0
3.0	557.0
7.0	557.0
34.0	557.0
69.0	557.0
100.0	557.0
133.0	557.0
165.0	557.0
196.0	557.0
231.0	557.0
265.0	557.0
297.0	557.0
331.0	557.0
365.0	557.0
398.0	557.0
431.0	557.0
461.0	557.0
496.0	557.0
0.0	558.0
3.0	558.0
7.0	558.0
34.0	558.0
69.0	558.0
100.0	558.0
133.0	558.0
165.0	558.0
196.0	558.0
231.0	558.0
265.0	558.0
297.0	558.0
331.0	558.0
365.0	558.0
398.0	558.0
431.0	558.0
461.0	558.0
496.0	558.0
0.0	559.0
3.0	559.0
7.0	559.0
34.0	559.0
69.0	559.0
100.0	559.0
133.0	559.0
165.0	559.0
196.0	559.0
231.0	559.0
265.0	559.0
297.0	559.0
331.0	559.0
365.0	559.0
398.0	559.0
430.0	559.0
461.0	559.0
496.0	559.0
0.0	586.0
3.0	586.0
7.0	586.0
34.0	586.0
69.0	586.0
100.0	586.0
133.0	586.0
165.0	586.0
196.0	586.0
231.0	586.0
265.0	586.0
297.0	586.0
331.0	586.0
365.0	586.0
398.0	586.0
431.0	586.0
461.0	586.0
496.0	586.0
0.0	587.0
3.0	587.0
7.0	587.0
34.0	587.0
69.0	587.0
100.0	587.0
133.0	587.0
165.0	587.0
196.0	587.0
231.0	587.0
265.0	587.0
297.0	587.0
331.0	587.0
365.0	587.0
398.0	587.0
431.0	587.0
461.0	587.0
496.0	587.0
0.0	588.0
3.0	588.0
7.0	588.0
34.0	588.0
69.0	588.0
100.0	588.0
133.0	588.0
165.0	588.0
196.0	588.0
231.0	588.0
265.0	588.0
297.0	588.0
331.0	588.0
365.0	588.0
398.0	588.0
431.0	588.0
461.0	588.0
496.0	588.0
0.0	589.0
3.0	589.0
7.0	589.0
34.0	589.0
69.0	589.0
100.0	589.0
133.0	589.0
165.0	589.0
196.0	589.0
231.0	589.0
265.0	589.0
297.0	589.0
331.0	589.0
365.0	589.0
398.0	589.0
431.0	589.0
461.0	589.0
496.0	589.0
0.0	590.0
3.0	590.0
7.0	590.0
34.0	590.0
69.0	590.0
100.0	590.0
133.0	590.0
165.0	590.0
196.0	590.0
231.0	590.0
265.0	590.0
297.0	590.0
331.0	590.0
365.0	590.0
398.0	590.0
431.0	590.0
461.0	590.0
496.0	590.0
0.0	591.0
3.0	591.0
7.0	591.0
34.0	591.0
69.0	591.0
100.0	591.0
133.0	591.0
165.0	591.0
196.0	591.0
231.0	591.0
265.0	591.0
297.0	591.0
331.0	591.0
365.0	591.0
398.0	591.0
430.0	591.0
461.0	591.0
496.0	591.0
0.0	618.0
3.0	618.0
7.0	618.0
34.0	618.0
69.0	618.0
100.0	618.0
133.0	618.0
165.0	618.0
196.0	618.0
231.0	618.0
265.0	618.0
297.0	618.0
331.0	618.0
365.0	618.0
398.0	618.0
431.0	618.0
461.0	618.0
496.0	618.0
0.0	619.0
3.0	619.0
7.0	619.0
34.0	619.0
69.0	619.0
100.0	619.0
133.0	619.0
165.0	619.0
196.0	619.0
231.0	619.0
265.0	619.0
297.0	619.0
331.0	619.0
365.0	619.0
398.0	619.0
431.0	619.0
461.0	619.0
496.0	619.0
0.0	620.0
3.0	620.0
7.0	620.0
34.0	620.0
69.0	620.0
100.0	620.0
133.0	620.0
165.0	620.0
196.0	620.0
231.0	620.0
265.0	620.0
297.0	620.0
331.0	620.0
365.0	620.0
398.0	620.0
431.0	620.0
461.0	620.0
496.0	620.0
0.0	621.0
3.0	621.0
7.0	621.0
34.0	621.0
69.0	621.0
100.0	621.0
133.0	621.0
165.0	621.0
196.0	621.0
231.0	621.0
265.0	621.0
297.0	621.0
331.0	621.0
365.0	621.0
398.0	621.0
431.0	621.0
461.0	621.0
496.0	621.0
0.0	622.0
3.0	622.0
7.0	622.0
34.0	622.0
69.0	622.0
100.0	622.0
133.0	622.0
165.0	622.0
196.0	622.0
231.0	622.0
265.0	622.0
297.0	622.0
331.0	622.0
365.0	622.0
398.0	622.0
431.0	622.0
461.0	622.0
496.0	622.0
0.0	623.0
3.0	623.0
7.0	623.0
34.0	623.0
69.0	623.0
100.0	623.0
133.0	623.0
165.0	623.0
196.0	623.0
231.0	623.0
265.0	623.0
297.0	623.0
331.0	623.0
365.0	623.0
398.0	623.0
430.0	623.0
461.0	623.0
496.0	623.0
0.0	650.0
3.0	650.0
7.0	650.0
34.0	650.0
69.0	650.0
100.0	650.0
133.0	650.0
165.0	650.0
196.0	650.0
231.0	650.0
265.0	650.0
297.0	650.0
331.0	650.0
365.0	650.0
398.0	650.0
431.0	650.0
461.0	650.0
496.0	650.0
0.0	651.0
3.0	651.0
7.0	651.0
34.0	651.0
69.0	651.0
100.0	651.0
133.0	651.0
165.0	651.0
196.0	651.0
231.0	651.0
265.0	651.0
297.0	651.0
331.0	651.0
365.0	651.0
398.0	651.0
431.0	651.0
461.0	651.0
496.0	651.0
0.0	652.0
3.0	652.0
7.0	652.0
34.0	652.0
69.0	652.0
100.0	652.0
133.0	652.0
165.0	652.0
196.0	652.0
231.0	652.0
265.0	652.0
297.0	652.0
331.0	652.0
365.0	652.0
398.0	652.0
431.0	652.0
461.0	652.0
496.0	652.0
0.0	653.0
3.0	653.0
7.0	653.0
34.0	653.0
69.0	653.0
100.0	653.0
133.0	653.0
165.0	653.0
196.0	653.0
231.0	653.0
265.0	653.0
297.0	653.0
331.0	653.0
365.0	653.0
398.0	653.0
431.0	653.0
461.0	653.0
496.0	653.0
0.0	654.0
3.0	654.0
7.0	654.0
34.0	654.0
69.0	654.0
100.0	654.0
133.0	654.0
165.0	654.0
196.0	654.0
231.0	654.0
265.0	654.0
297.0	654.0
331.0	654.0
365.0	654.0
398.0	654.0
431.0	654.0
461.0	654.0
496.0	654.0
0.0	655.0
3.0	655.0
7.0	655.0
34.0	655.0
69.0	655.0
100.0	655.0
133.0	655.0
165.0	655.0
196.0	655.0
231.0	655.0
265.0	655.0
297.0	655.0
331.0	655.0
365.0	655.0
398.0	655.0
430.0	655.0
461.0	655.0
496.0	655.0
0.0	682.0
3.0	682.0
7.0	682.0
34.0	682.0
69.0	682.0
100.0	682.0
133.0	682.0
165.0	682.0
196.0	682.0
231.0	682.0
265.0	682.0
297.0	682.0
331.0	682.0
365.0	682.0
398.0	682.0
431.0	682.0
461.0	682.0
496.0	682.0
0.0	683.0
3.0	683.0
7.0	683.0
34.0	683.0
69.0	683.0
100.0	683.0
133.0	683.0
165.0	683.0
196.0	683.0
231.0	683.0
265.0	683.0
297.0	683.0
331.0	683.0
365.0	683.0
398.0	683.0
431.0	683.0
461.0	683.0
496.0	683.0
0.0	684.0
3.0	684.0
7.0	684.0
34.0	684.0
69.0	684.0
100.0	684.0
133.0	684.0
165.0	684.0
196.0	684.0
231.0	684.0
265.0	684.0
297.0	684.0
331.0	684.0
365.0	684.0
398.0	684.0
431.0	684.0
461.0	684.0
496.0	684.0
0.0	685.0
3.0	685.0
7.0	685.0
34.0	685.0
69.0	685.0
100.0	685.0
133.0	685.0
165.0	685.0
196.0	685.0
231.0	685.0
265.0	685.0
297.0	685.0
331.0	685.0
365.0	685.0
398.0	685.0
431.0	685.0
461.0	685.0
496.0	685.0
0.0	686.0
3.0	686.0
7.0	686.0
34.0	686.0
69.0	686.0
100.0	686.0
133.0	686.0
165.0	686.0
196.0	686.0
231.0	686.0
265.0	686.0
297.0	686.0
331.0	686.0
365.0	686.0
398.0	686.0
431.0	686.0
461.0	686.0
496.0	686.0
0.0	687.0
3.0	687.0
7.0	687.0
34.0	687.0
69.0	687.0
100.0	687.0
133.0	687.0
165.0	687.0
196.0	687.0
231.0	687.0
265.0	687.0
297.0	687.0
331.0	687.0
365.0	687.0
398.0	687.0
430.0	687.0
461.0	687.0
496.0	687.0
0.0	714.0
3.0	714.0
7.0	714.0
34.0	714.0
69.0	714.0
100.0	714.0
133.0	714.0
165.0	714.0
196.0	714.0
231.0	714.0
265.0	714.0
297.0	714.0
331.0	714.0
365.0	714.0
398.0	714.0
431.0	714.0
461.0	714.0
496.0	714.0
0.0	715.0
3.0	715.0
7.0	715.0
34.0	715.0
69.0	715.0
100.0	715.0
133.0	715.0
165.0	715.0
196.0	715.0
231.0	715.0
265.0	715.0
297.0	715.0
331.0	715.0
365.0	715.0
398.0	715.0
431.0	715.0
461.0	715.0
496.0	715.0
0.0	716.0
3.0	716.0
7.0	716.0
34.0	716.0
69.0	716.0
100.0	716.0
133.0	716.0
165.0	716.0
196.0	716.0
231.0	716.0
265.0	716.0
297.0	716.0
331.0	716.0
365.0	716.0
398.0	716.0
431.0	716.0
461.0	716.0
496.0	716.0
0.0	717.0
3.0	717.0
7.0	717.0
34.0	717.0
69.0	717.0
100.0	717.0
133.0	717.0
165.0	717.0
196.0	717.0
231.0	717.0
265.0	717.0
297.0	717.0
331.0	717.0
365.0	717.0
398.0	717.0
431.0	717.0
461.0	717.0
496.0	717.0
0.0	718.0
3.0	718.0
7.0	718.0
34.0	718.0
69.0	718.0
100.0	718.0
133.0	718.0
165.0	718.0
196.0	718.0
231.0	718.0
265.0	718.0
297.0	718.0
331.0	718.0
365.0	718.0
398.0	718.0
431.0	718.0
461.0	718.0
496.0	718.0
0.0	719.0
3.0	719.0
7.0	719.0
34.0	719.0
69.0	719.0
100.0	719.0
133.0	719.0
165.0	719.0
196.0	719.0
231.0	719.0
265.0	719.0
297.0	719.0
331.0	719.0
365.0	719.0
398.0	719.0
430.0	719.0
461.0	719.0
496.0	719.0
0.0	746.0
3.0	746.0
7.0	746.0
34.0	746.0
69.0	746.0
100.0	746.0
133.0	746.0
165.0	746.0
196.0	746.0
231.0	746.0
265.0	746.0
297.0	746.0
331.0	746.0
365.0	746.0
398.0	746.0
431.0	746.0
461.0	746.0
496.0	746.0
0.0	747.0
3.0	747.0
7.0	747.0
34.0	747.0
69.0	747.0
100.0	747.0
133.0	747.0
165.0	747.0
196.0	747.0
231.0	747.0
265.0	747.0
297.0	747.0
331.0	747.0
365.0	747.0
398.0	747.0
431.0	747.0
461.0	747.0
496.0	747.0
0.0	748.0
3.0	748.0
7.0	748.0
34.0	748.0
69.0	748.0
100.0	748.0
133.0	748.0
165.0	748.0
196.0	748.0
231.0	748.0
265.0	748.0
297.0	748.0
331.0	748.0
365.0	748.0
398.0	748.0
431.0	748.0
461.0	748.0
496.0	748.0
0.0	749.0
3.0	749.0
7.0	749.0
34.0	749.0
69.0	749.0
100.0	749.0
133.0	749.0
165.0	749.0
196.0	749.0
231.0	749.0
265.0	749.0
297.0	749.0
331.0	749.0
365.0	749.0
398.0	749.0
431.0	749.0
461.0	749.0
496.0	749.0
0.0	750.0
3.0	750.0
7.0	750.0
34.0	750.0
69.0	750.0
100.0	750.0
133.0	750.0
165.0	750.0
196.0	750.0
231.0	750.0
265.0	750.0
297.0	750.0
331.0	750.0
365.0	750.0
398.0	750.0
431.0	750.0
461.0	750.0
496.0	750.0
0.0	751.0
3.0	751.0
7.0	751.0
34.0	751.0
69.0	751.0
100.0	751.0
133.0	751.0
165.0	751.0
196.0	751.0
231.0	751.0
265.0	751.0
297.0	751.0
331.0	751.0
365.0	751.0
398.0	751.0
430.0	751.0
461.0	751.0
496.0	751.0
0.0	778.0
3.0	778.0
7.0	778.0
34.0	778.0
69.0	778.0
100.0	778.0
133.0	778.0
165.0	778.0
196.0	778.0
231.0	778.0
265.0	778.0
297.0	778.0
331.0	778.0
365.0	778.0
398.0	778.0
431.0	778.0
461.0	778.0
496.0	778.0
0.0	779.0
3.0	779.0
7.0	779.0
34.0	779.0
69.0	779.0
100.0	779.0
133.0	779.0
165.0	779.0
196.0	779.0
231.0	779.0
265.0	779.0
297.0	779.0
331.0	779.0
365.0	779.0
398.0	779.0
431.0	779.0
461.0	779.0
496.0	779.0
0.0	780.0
3.0	780.0
7.0	780.0
34.0	780.0
69.0	780.0
100.0	780.0
133.0	780.0
165.0	780.0
196.0	780.0
231.0	780.0
265.0	780.0
297.0	780.0
331.0	780.0
365.0	780.0
398.0	780.0
431.0	780.0
461.0	780.0
496.0	780.0
0.0	781.0
3.0	781.0
7.0	781.0
34.0	781.0
69.0	781.0
100.0	781.0
133.0	781.0
165.0	781.0
196.0	781.0
231.0	781.0
265.0	781.0
297.0	781.0
331.0	781.0
365.0	781.0
398.0	781.0
431.0	781.0
461.0	781.0
496.0	781.0
0.0	782.0
3.0	782.0
7.0	782.0
34.0	782.0
69.0	782.0
100.0	782.0
133.0	782.0
165.0	782.0
196.0	782.0
231.0	782.0
265.0	782.0
297.0	782.0
331.0	782.0
365.0	782.0
398.0	782.0
431.0	782.0
461.0	782.0
496.0	782.0
0.0	783.0
3.0	783.0
7.0	783.0
34.0	783.0
69.0	783.0
100.0	783.0
133.0	783.0
165.0	783.0
196.0	783.0
231.0	783.0
265.0	783.0
297.0	783.0
331.0	783.0
365.0	783.0
398.0	783.0
430.0	783.0
461.0	783.0
496.0	783.0
0.0	810.0
3.0	810.0
7.0	810.0
34.0	810.0
69.0	810.0
100.0	810.0
133.0	810.0
165.0	810.0
196.0	810.0
231.0	810.0
265.0	810.0
297.0	810.0
331.0	810.0
365.0	810.0
398.0	810.0
431.0	810.0
461.0	810.0
496.0	810.0
0.0	811.0
3.0	811.0
7.0	811.0
34.0	811.0
69.0	811.0
100.0	811.0
133.0	811.0
165.0	811.0
196.0	811.0
231.0	811.0
265.0	811.0
297.0	811.0
331.0	811.0
365.0	811.0
398.0	811.0
431.0	811.0
461.0	811.0
496.0	811.0
0.0	812.0
3.0	812.0
7.0	812.0
34.0	812.0
69.0	812.0
100.0	812.0
133.0	812.0
165.0	812.0
196.0	812.0
231.0	812.0
265.0	812.0
297.0	812.0
331.0	812.0
365.0	812.0
398.0	812.0
431.0	812.0
461.0	812.0
496.0	812.0
0.0	813.0
3.0	813.0
7.0	813.0
34.0	813.0
69.0	813.0
100.0	813.0
133.0	813.0
165.0	813.0
196.0	813.0
231.0	813.0
265.0	813.0
297.0	813.0
331.0	813.0
365.0	813.0
398.0	813.0
431.0	813.0
461.0	813.0
496.0	813.0
0.0	814.0
3.0	814.0
7.0	814.0
34.0	814.0
69.0	814.0
100.0	814.0
133.0	814.0
165.0	814.0
196.0	814.0
231.0	814.0
265.0	814.0
297.0	814.0
331.0	814.0
365.0	814.0
398.0	814.0
431.0	814.0
461.0	814.0
496.0	814.0
0.0	815.0
3.0	815.0
7.0	815.0
34.0	815.0
69.0	815.0
100.0	815.0
133.0	815.0
165.0	815.0
196.0	815.0
231.0	815.0
265.0	815.0
297.0	815.0
331.0	815.0
365.0	815.0
398.0	815.0
430.0	815.0
461.0	815.0
496.0	815.0
0.0	842.0
3.0	842.0
7.0	842.0
34.0	842.0
69.0	842.0
100.0	842.0
133.0	842.0
165.0	842.0
196.0	842.0
231.0	842.0
265.0	842.0
297.0	842.0
331.0	842.0
365.0	842.0
398.0	842.0
431.0	842.0
461.0	842.0
496.0	842.0
0.0	843.0
3.0	843.0
7.0	843.0
34.0	843.0
69.0	843.0
100.0	843.0
133.0	843.0
165.0	843.0
196.0	843.0
231.0	843.0
265.0	843.0
297.0	843.0
331.0	843.0
365.0	843.0
398.0	843.0
431.0	843.0
461.0	843.0
496.0	843.0
0.0	844.0
3.0	844.0
7.0	844.0
34.0	844.0
69.0	844.0
100.0	844.0
133.0	844.0
165.0	844.0
196.0	844.0
231.0	844.0
265.0	844.0
297.0	844.0
331.0	844.0
365.0	844.0
398.0	844.0
431.0	844.0
461.0	844.0
496.0	844.0
0.0	845.0
3.0	845.0
7.0	845.0
34.0	845.0
69.0	845.0
100.0	845.0
133.0	845.0
165.0	845.0
196.0	845.0
231.0	845.0
265.0	845.0
297.0	845.0
331.0	845.0
365.0	845.0
398.0	845.0
431.0	845.0
461.0	845.0
496.0	845.0
0.0	846.0
3.0	846.0
7.0	846.0
34.0	846.0
69.0	846.0
100.0	846.0
133.0	846.0
165.0	846.0
196.0	846.0
231.0	846.0
265.0	846.0
297.0	846.0
331.0	846.0
365.0	846.0
398.0	846.0
431.0	846.0
461.0	846.0
496.0	846.0
0.0	847.0
3.0	847.0
7.0	847.0
34.0	847.0
69.0	847.0
100.0	847.0
133.0	847.0
165.0	847.0
196.0	847.0
231.0	847.0
265.0	847.0
297.0	847.0
331.0	847.0
365.0	847.0
398.0	847.0
430.0	847.0
461.0	847.0
496.0	847.0
0.0	874.0
3.0	874.0
7.0	874.0
34.0	874.0
69.0	874.0
100.0	874.0
133.0	874.0
165.0	874.0
196.0	874.0
231.0	874.0
265.0	874.0
297.0	874.0
331.0	874.0
365.0	874.0
398.0	874.0
431.0	874.0
461.0	874.0
496.0	874.0
0.0	875.0
3.0	875.0
7.0	875.0
34.0	875.0
69.0	875.0
100.0	875.0
133.0	875.0
165.0	875.0
196.0	875.0
231.0	875.0
265.0	875.0
297.0	875.0
331.0	875.0
365.0	875.0
398.0	875.0
431.0	875.0
461.0	875.0
496.0	875.0
0.0	876.0
3.0	876.0
7.0	876.0
34.0	876.0
69.0	876.0
100.0	876.0
133.0	876.0
165.0	876.0
196.0	876.0
231.0	876.0
265.0	876.0
297.0	876.0
331.0	876.0
365.0	876.0
398.0	876.0
431.0	876.0
461.0	876.0
496.0	876.0
0.0	877.0
3.0	877.0
7.0	877.0
34.0	877.0
69.0	877.0
100.0	877.0
133.0	877.0
165.0	877.0
196.0	877.0
231.0	877.0
265.0	877.0
297.0	877.0
331.0	877.0
365.0	877.0
398.0	877.0
431.0	877.0
461.0	877.0
496.0	877.0
0.0	878.0
3.0	878.0
7.0	878.0
34.0	878.0
69.0	878.0
100.0	878.0
133.0	878.0
165.0	878.0
196.0	878.0
231.0	878.0
265.0	878.0
297.0	878.0
331.0	878.0
365.0	878.0
398.0	878.0
431.0	878.0
461.0	878.0
496.0	878.0
0.0	879.0
3.0	879.0
7.0	879.0
34.0	879.0
69.0	879.0
100.0	879.0
133.0	879.0
165.0	879.0
196.0	879.0
231.0	879.0
265.0	879.0
297.0	879.0
331.0	879.0
365.0	879.0
398.0	879.0
431.0	879.0
461.0	879.0
496.0	879.0
