# first_id = 0
# n = 4096
# dimensions = [4096]
# last_id = 4095
# runtime = 500
0.0	2004.0
3.0	2004.0
7.0	2004.0
28.0	2004.0
62.0	2004.0
95.0	2004.0
126.0	2004.0
162.0	2004.0
195.0	2004.0
227.0	2004.0
261.0	2004.0
292.0	2004.0
327.0	2004.0
360.0	2004.0
393.0	2004.0
424.0	2004.0
460.0	2004.0
492.0	2004.0
0.0	2005.0
3.0	2005.0
7.0	2005.0
28.0	2005.0
62.0	2005.0
95.0	2005.0
126.0	2005.0
162.0	2005.0
195.0	2005.0
227.0	2005.0
261.0	2005.0
292.0	2005.0
327.0	2005.0
360.0	2005.0
393.0	2005.0
424.0	2005.0
460.0	2005.0
492.0	2005.0
0.0	2006.0
3.0	2006.0
7.0	2006.0
28.0	2006.0
62.0	2006.0
95.0	2006.0
126.0	2006.0
162.0	2006.0
195.0	2006.0
227.0	2006.0
261.0	2006.0
292.0	2006.0
327.0	2006.0
360.0	2006.0
393.0	2006.0
424.0	2006.0
460.0	2006.0
492.0	2006.0
0.0	2007.0
3.0	2007.0
7.0	2007.0
28.0	2007.0
62.0	2007.0
95.0	2007.0
126.0	2007.0
162.0	2007.0
195.0	2007.0
227.0	2007.0
261.0	2007.0
292.0	2007.0
327.0	2007.0
360.0	2007.0
393.0	2007.0
424.0	2007.0
460.0	2007.0
492.0	2007.0
0.0	2008.0
3.0	2008.0
7.0	2008.0
28.0	2008.0
62.0	2008.0
95.0	2008.0
126.0	2008.0
162.0	2008.0
195.0	2008.0
227.0	2008.0
261.0	2008.0
292.0	2008.0
327.0	2008.0
360.0	2008.0
393.0	2008.0
424.0	2008.0
460.0	2008.0
492.0	2008.0
0.0	2009.0
3.0	2009.0
7.0	2009.0
28.0	2009.0
62.0	2009.0
95.0	2009.0
126.0	2009.0
162.0	2009.0
195.0	2009.0
227.0	2009.0
261.0	2009.0
292.0	2009.0
327.0	2009.0
360.0	2009.0
393.0	2009.0
424.0	2009.0
460.0	2009.0
492.0	2009.0
0.0	2010.0
3.0	2010.0
7.0	2010.0
28.0	2010.0
62.0	2010.0
95.0	2010.0
126.0	2010.0
162.0	2010.0
195.0	2010.0
227.0	2010.0
261.0	2010.0
292.0	2010.0
327.0	2010.0
360.0	2010.0
393.0	2010.0
424.0	2010.0
460.0	2010.0
492.0	2010.0
0.0	2011.0
3.0	2011.0
7.0	2011.0
28.0	2011.0
62.0	2011.0
95.0	2011.0
126.0	2011.0
162.0	2011.0
195.0	2011.0
227.0	2011.0
261.0	2011.0
292.0	2011.0
327.0	2011.0
360.0	2011.0
393.0	2011.0
424.0	2011.0
460.0	2011.0
492.0	2011.0
0.0	2012.0
3.0	2012.0
7.0	2012.0
28.0	2012.0
62.0	2012.0
95.0	2012.0
126.0	2012.0
162.0	2012.0
195.0	2012.0
227.0	2012.0
261.0	2012.0
292.0	2012.0
327.0	2012.0
394.0	2012.0
424.0	2012.0
460.0	2012.0
492.0	2012.0
0.0	2068.0
3.0	2068.0
7.0	2068.0
28.0	2068.0
62.0	2068.0
95.0	2068.0
126.0	2068.0
162.0	2068.0
195.0	2068.0
227.0	2068.0
261.0	2068.0
292.0	2068.0
327.0	2068.0
360.0	2068.0
393.0	2068.0
424.0	2068.0
460.0	2068.0
492.0	2068.0
0.0	2069.0
3.0	2069.0
7.0	2069.0
28.0	2069.0
62.0	2069.0
95.0	2069.0
126.0	2069.0
162.0	2069.0
195.0	2069.0
227.0	2069.0
261.0	2069.0
292.0	2069.0
327.0	2069.0
360.0	2069.0
393.0	2069.0
424.0	2069.0
460.0	2069.0
492.0	2069.0
0.0	2070.0
3.0	2070.0
7.0	2070.0
28.0	2070.0
62.0	2070.0
95.0	2070.0
126.0	2070.0
162.0	2070.0
195.0	2070.0
227.0	2070.0
261.0	2070.0
292.0	2070.0
327.0	2070.0
360.0	2070.0
393.0	2070.0
424.0	2070.0
460.0	2070.0
492.0	2070.0
0.0	2071.0
3.0	2071.0
7.0	2071.0
28.0	2071.0
62.0	2071.0
95.0	2071.0
126.0	2071.0
162.0	2071.0
195.0	2071.0
227.0	2071.0
261.0	2071.0
292.0	2071.0
327.0	2071.0
360.0	2071.0
393.0	2071.0
424.0	2071.0
460.0	2071.0
492.0	2071.0
0.0	2072.0
3.0	2072.0
7.0	2072.0
28.0	2072.0
62.0	2072.0
95.0	2072.0
126.0	2072.0
162.0	2072.0
195.0	2072.0
227.0	2072.0
261.0	2072.0
292.0	2072.0
327.0	2072.0
360.0	2072.0
393.0	2072.0
424.0	2072.0
460.0	2072.0
492.0	2072.0
0.0	2073.0
3.0	2073.0
7.0	2073.0
28.0	2073.0
62.0	2073.0
95.0	2073.0
126.0	2073.0
162.0	2073.0
195.0	2073.0
227.0	2073.0
261.0	2073.0
292.0	2073.0
327.0	2073.0
360.0	2073.0
393.0	2073.0
424.0	2073.0
460.0	2073.0
492.0	2073.0
0.0	2074.0
3.0	2074.0
7.0	2074.0
28.0	2074.0
62.0	2074.0
95.0	2074.0
126.0	2074.0
162.0	2074.0
195.0	2074.0
227.0	2074.0
261.0	2074.0
292.0	2074.0
327.0	2074.0
360.0	2074.0
393.0	2074.0
424.0	2074.0
460.0	2074.0
492.0	2074.0
0.0	2075.0
3.0	2075.0
7.0	2075.0
28.0	2075.0
62.0	2075.0
95.0	2075.0
126.0	2075.0
162.0	2075.0
195.0	2075.0
227.0	2075.0
261.0	2075.0
292.0	2075.0
327.0	2075.0
360.0	2075.0
393.0	2075.0
424.0	2075.0
460.0	2075.0
492.0	2075.0
0.0	2076.0
3.0	2076.0
7.0	2076.0
28.0	2076.0
62.0	2076.0
95.0	2076.0
126.0	2076.0
162.0	2076.0
195.0	2076.0
227.0	2076.0
261.0	2076.0
292.0	2076.0
327.0	2076.0
360.0	2076.0
393.0	2076.0
424.0	2076.0
460.0	2076.0
492.0	2076.0
0.0	2077.0
3.0	2077.0
7.0	2077.0
27.0	2077.0
62.0	2077.0
95.0	2077.0
126.0	2077.0
162.0	2077.0
195.0	2077.0
226.0	2077.0
261.0	2077.0
292.0	2077.0
327.0	2077.0
360.0	2077.0
393.0	2077.0
424.0	2077.0
460.0	2077.0
492.0	2077.0
0.0	2132.0
3.0	2132.0
7.0	2132.0
28.0	2132.0
62.0	2132.0
95.0	2132.0
126.0	2132.0
162.0	2132.0
195.0	2132.0
227.0	2132.0
261.0	2132.0
292.0	2132.0
327.0	2132.0
360.0	2132.0
393.0	2132.0
424.0	2132.0
460.0	2132.0
492.0	2132.0
0.0	2133.0
3.0	2133.0
7.0	2133.0
28.0	2133.0
62.0	2133.0
95.0	2133.0
126.0	2133.0
162.0	2133.0
195.0	2133.0
227.0	2133.0
261.0	2133.0
292.0	2133.0
327.0	2133.0
360.0	2133.0
393.0	2133.0
424.0	2133.0
460.0	2133.0
492.0	2133.0
0.0	2134.0
3.0	2134.0
7.0	2134.0
28.0	2134.0
62.0	2134.0
95.0	2134.0
126.0	2134.0
162.0	2134.0
195.0	2134.0
227.0	2134.0
261.0	2134.0
292.0	2134.0
327.0	2134.0
360.0	2134.0
393.0	2134.0
424.0	2134.0
460.0	2134.0
492.0	2134.0
0.0	2135.0
3.0	2135.0
7.0	2135.0
28.0	2135.0
62.0	2135.0
95.0	2135.0
126.0	2135.0
162.0	2135.0
195.0	2135.0
227.0	2135.0
261.0	2135.0
292.0	2135.0
327.0	2135.0
360.0	2135.0
393.0	2135.0
424.0	2135.0
460.0	2135.0
492.0	2135.0
0.0	2136.0
3.0	2136.0
7.0	2136.0
28.0	2136.0
62.0	2136.0
95.0	2136.0
126.0	2136.0
162.0	2136.0
195.0	2136.0
227.0	2136.0
261.0	2136.0
292.0	2136.0
327.0	2136.0
360.0	2136.0
393.0	2136.0
424.0	2136.0
460.0	2136.0
492.0	2136.0
0.0	2137.0
3.0	2137.0
7.0	2137.0
28.0	2137.0
62.0	2137.0
95.0	2137.0
126.0	2137.0
162.0	2137.0
195.0	2137.0
227.0	2137.0
261.0	2137.0
292.0	2137.0
327.0	2137.0
360.0	2137.0
393.0	2137.0
424.0	2137.0
460.0	2137.0
492.0	2137.0
0.0	2138.0
3.0	2138.0
7.0	2138.0
28.0	2138.0
62.0	2138.0
95.0	2138.0
126.0	2138.0
162.0	2138.0
195.0	2138.0
227.0	2138.0
261.0	2138.0
292.0	2138.0
327.0	2138.0
360.0	2138.0
393.0	2138.0
424.0	2138.0
460.0	2138.0
492.0	2138.0
0.0	2139.0
3.0	2139.0
7.0	2139.0
28.0	2139.0
62.0	2139.0
95.0	2139.0
126.0	2139.0
162.0	2139.0
195.0	2139.0
227.0	2139.0
261.0	2139.0
292.0	2139.0
327.0	2139.0
360.0	2139.0
393.0	2139.0
424.0	2139.0
460.0	2139.0
492.0	2139.0
0.0	2140.0
3.0	2140.0
7.0	2140.0
28.0	2140.0
62.0	2140.0
95.0	2140.0
126.0	2140.0
162.0	2140.0
195.0	2140.0
227.0	2140.0
261.0	2140.0
292.0	2140.0
327.0	2140.0
360.0	2140.0
393.0	2140.0
424.0	2140.0
460.0	2140.0
492.0	2140.0
0.0	2141.0
3.0	2141.0
7.0	2141.0
28.0	2141.0
62.0	2141.0
95.0	2141.0
126.0	2141.0
162.0	2141.0
195.0	2141.0
226.0	2141.0
261.0	2141.0
292.0	2141.0
327.0	2141.0
360.0	2141.0
393.0	2141.0
424.0	2141.0
460.0	2141.0
492.0	2141.0
0.0	2196.0
3.0	2196.0
7.0	2196.0
28.0	2196.0
62.0	2196.0
95.0	2196.0
126.0	2196.0
162.0	2196.0
195.0	2196.0
227.0	2196.0
261.0	2196.0
292.0	2196.0
327.0	2196.0
360.0	2196.0
393.0	2196.0
424.0	2196.0
460.0	2196.0
492.0	2196.0
0.0	2197.0
3.0	2197.0
7.0	2197.0
28.0	2197.0
62.0	2197.0
95.0	2197.0
126.0	2197.0
162.0	2197.0
195.0	2197.0
227.0	2197.0
261.0	2197.0
292.0	2197.0
327.0	2197.0
360.0	2197.0
393.0	2197.0
424.0	2197.0
460.0	2197.0
492.0	2197.0
0.0	2198.0
3.0	2198.0
7.0	2198.0
28.0	2198.0
62.0	2198.0
95.0	2198.0
126.0	2198.0
162.0	2198.0
195.0	2198.0
227.0	2198.0
261.0	2198.0
292.0	2198.0
327.0	2198.0
360.0	2198.0
393.0	2198.0
424.0	2198.0
460.0	2198.0
492.0	2198.0
0.0	2199.0
3.0	2199.0
7.0	2199.0
28.0	2199.0
62.0	2199.0
95.0	2199.0
126.0	2199.0
162.0	2199.0
195.0	2199.0
227.0	2199.0
261.0	2199.0
292.0	2199.0
327.0	2199.0
360.0	2199.0
393.0	2199.0
424.0	2199.0
460.0	2199.0
492.0	2199.0
0.0	2200.0
3.0	2200.0
7.0	2200.0
28.0	2200.0
62.0	2200.0
95.0	2200.0
126.0	2200.0
162.0	2200.0
195.0	2200.0
227.0	2200.0
261.0	2200.0
292.0	2200.0
327.0	2200.0
360.0	2200.0
393.0	2200.0
424.0	2200.0
460.0	2200.0
492.0	2200.0
0.0	2201.0
3.0	2201.0
7.0	2201.0
28.0	2201.0
62.0	2201.0
95.0	2201.0
126.0	2201.0
162.0	2201.0
195.0	2201.0
227.0	2201.0
261.0	2201.0
292.0	2201.0
327.0	2201.0
360.0	2201.0
393.0	2201.0
424.0	2201.0
460.0	2201.0
492.0	2201.0
0.0	2202.0
3.0	2202.0
7.0	2202.0
28.0	2202.0
62.0	2202.0
95.0	2202.0
126.0	2202.0
162.0	2202.0
195.0	2202.0
227.0	2202.0
261.0	2202.0
292.0	2202.0
327.0	2202.0
360.0	2202.0
393.0	2202.0
424.0	2202.0
460.0	2202.0
492.0	2202.0
0.0	2203.0
3.0	2203.0
7.0	2203.0
28.0	2203.0
62.0	2203.0
95.0	2203.0
126.0	2203.0
162.0	2203.0
195.0	2203.0
227.0	2203.0
261.0	2203.0
292.0	2203.0
327.0	2203.0
360.0	2203.0
393.0	2203.0
424.0	2203.0
460.0	2203.0
492.0	2203.0
0.0	2204.0
3.0	2204.0
7.0	2204.0
28.0	2204.0
62.0	2204.0
95.0	2204.0
126.0	2204.0
162.0	2204.0
195.0	2204.0
227.0	2204.0
261.0	2204.0
292.0	2204.0
327.0	2204.0
360.0	2204.0
393.0	2204.0
424.0	2204.0
460.0	2204.0
492.0	2204.0
0.0	2205.0
3.0	2205.0
7.0	2205.0
28.0	2205.0
62.0	2205.0
95.0	2205.0
126.0	2205.0
162.0	2205.0
195.0	2205.0
227.0	2205.0
261.0	2205.0
292.0	2205.0
327.0	2205.0
360.0	2205.0
393.0	2205.0
424.0	2205.0
460.0	2205.0
492.0	2205.0
0.0	2260.0
3.0	2260.0
7.0	2260.0
28.0	2260.0
62.0	2260.0
95.0	2260.0
126.0	2260.0
162.0	2260.0
195.0	2260.0
227.0	2260.0
261.0	2260.0
292.0	2260.0
327.0	2260.0
360.0	2260.0
393.0	2260.0
424.0	2260.0
460.0	2260.0
492.0	2260.0
0.0	2261.0
3.0	2261.0
7.0	2261.0
28.0	2261.0
62.0	2261.0
95.0	2261.0
126.0	2261.0
162.0	2261.0
195.0	2261.0
227.0	2261.0
261.0	2261.0
292.0	2261.0
327.0	2261.0
360.0	2261.0
393.0	2261.0
424.0	2261.0
460.0	2261.0
492.0	2261.0
0.0	2262.0
3.0	2262.0
7.0	2262.0
28.0	2262.0
62.0	2262.0
95.0	2262.0
126.0	2262.0
162.0	2262.0
195.0	2262.0
227.0	2262.0
261.0	2262.0
292.0	2262.0
327.0	2262.0
360.0	2262.0
393.0	2262.0
424.0	2262.0
460.0	2262.0
492.0	2262.0
0.0	2263.0
3.0	2263.0
7.0	2263.0
28.0	2263.0
62.0	2263.0
95.0	2263.0
126.0	2263.0
162.0	2263.0
195.0	2263.0
227.0	2263.0
261.0	2263.0
292.0	2263.0
327.0	2263.0
360.0	2263.0
393.0	2263.0
424.0	2263.0
460.0	2263.0
492.0	2263.0
0.0	2264.0
3.0	2264.0
7.0	2264.0
28.0	2264.0
62.0	2264.0
95.0	2264.0
126.0	2264.0
162.0	2264.0
195.0	2264.0
227.0	2264.0
261.0	2264.0
292.0	2264.0
327.0	2264.0
360.0	2264.0
393.0	2264.0
424.0	2264.0
460.0	2264.0
492.0	2264.0
0.0	2265.0
3.0	2265.0
7.0	2265.0
28.0	2265.0
62.0	2265.0
95.0	2265.0
126.0	2265.0
162.0	2265.0
195.0	2265.0
227.0	2265.0
261.0	2265.0
292.0	2265.0
327.0	2265.0
360.0	2265.0
393.0	2265.0
424.0	2265.0
460.0	2265.0
492.0	2265.0
0.0	2266.0
3.0	2266.0
7.0	2266.0
28.0	2266.0
62.0	2266.0
95.0	2266.0
126.0	2266.0
162.0	2266.0
195.0	2266.0
227.0	2266.0
261.0	2266.0
292.0	2266.0
327.0	2266.0
360.0	2266.0
393.0	2266.0
424.0	2266.0
460.0	2266.0
492.0	2266.0
0.0	2267.0
3.0	2267.0
7.0	2267.0
28.0	2267.0
62.0	2267.0
95.0	2267.0
126.0	2267.0
162.0	2267.0
195.0	2267.0
227.0	2267.0
261.0	2267.0
292.0	2267.0
327.0	2267.0
360.0	2267.0
393.0	2267.0
424.0	2267.0
460.0	2267.0
492.0	2267.0
0.0	2268.0
3.0	2268.0
7.0	2268.0
28.0	2268.0
62.0	2268.0
95.0	2268.0
126.0	2268.0
162.0	2268.0
195.0	2268.0
227.0	2268.0
261.0	2268.0
292.0	2268.0
327.0	2268.0
360.0	2268.0
393.0	2268.0
424.0	2268.0
460.0	2268.0
492.0	2268.0
0.0	2269.0
3.0	2269.0
7.0	2269.0
28.0	2269.0
62.0	2269.0
95.0	2269.0
126.0	2269.0
162.0	2269.0
195.0	2269.0
227.0	2269.0
261.0	2269.0
292.0	2269.0
327.0	2269.0
360.0	2269.0
393.0	2269.0
424.0	2269.0
460.0	2269.0
492.0	2269.0
0.0	2324.0
3.0	2324.0
7.0	2324.0
28.0	2324.0
62.0	2324.0
95.0	2324.0
126.0	2324.0
162.0	2324.0
195.0	2324.0
227.0	2324.0
261.0	2324.0
292.0	2324.0
327.0	2324.0
360.0	2324.0
393.0	2324.0
424.0	2324.0
460.0	2324.0
492.0	2324.0
0.0	2325.0
3.0	2325.0
7.0	2325.0
28.0	2325.0
62.0	2325.0
95.0	2325.0
126.0	2325.0
162.0	2325.0
195.0	2325.0
227.0	2325.0
261.0	2325.0
292.0	2325.0
327.0	2325.0
360.0	2325.0
393.0	2325.0
424.0	2325.0
460.0	2325.0
492.0	2325.0
0.0	2326.0
3.0	2326.0
7.0	2326.0
28.0	2326.0
62.0	2326.0
95.0	2326.0
126.0	2326.0
162.0	2326.0
195.0	2326.0
227.0	2326.0
261.0	2326.0
292.0	2326.0
327.0	2326.0
360.0	2326.0
393.0	2326.0
424.0	2326.0
460.0	2326.0
492.0	2326.0
0.0	2327.0
3.0	2327.0
7.0	2327.0
28.0	2327.0
62.0	2327.0
95.0	2327.0
126.0	2327.0
162.0	2327.0
195.0	2327.0
227.0	2327.0
261.0	2327.0
292.0	2327.0
327.0	2327.0
360.0	2327.0
393.0	2327.0
424.0	2327.0
460.0	2327.0
492.0	2327.0
0.0	2328.0
3.0	2328.0
7.0	2328.0
28.0	2328.0
62.0	2328.0
95.0	2328.0
126.0	2328.0
162.0	2328.0
195.0	2328.0
227.0	2328.0
261.0	2328.0
292.0	2328.0
327.0	2328.0
360.0	2328.0
393.0	2328.0
424.0	2328.0
460.0	2328.0
492.0	2328.0
0.0	2329.0
3.0	2329.0
7.0	2329.0
28.0	2329.0
62.0	2329.0
95.0	2329.0
126.0	2329.0
162.0	2329.0
195.0	2329.0
227.0	2329.0
261.0	2329.0
292.0	2329.0
327.0	2329.0
360.0	2329.0
393.0	2329.0
424.0	2329.0
460.0	2329.0
492.0	2329.0
0.0	2330.0
3.0	2330.0
7.0	2330.0
28.0	2330.0
62.0	2330.0
95.0	2330.0
126.0	2330.0
162.0	2330.0
195.0	2330.0
227.0	2330.0
261.0	2330.0
292.0	2330.0
327.0	2330.0
360.0	2330.0
393.0	2330.0
424.0	2330.0
460.0	2330.0
492.0	2330.0
0.0	2331.0
3.0	2331.0
7.0	2331.0
28.0	2331.0
62.0	2331.0
95.0	2331.0
126.0	2331.0
162.0	2331.0
195.0	2331.0
227.0	2331.0
261.0	2331.0
292.0	2331.0
327.0	2331.0
360.0	2331.0
393.0	2331.0
424.0	2331.0
460.0	2331.0
492.0	2331.0
0.0	2332.0
3.0	2332.0
7.0	2332.0
28.0	2332.0
62.0	2332.0
95.0	2332.0
126.0	2332.0
162.0	2332.0
195.0	2332.0
227.0	2332.0
261.0	2332.0
292.0	2332.0
327.0	2332.0
360.0	2332.0
393.0	2332.0
424.0	2332.0
460.0	2332.0
492.0	2332.0
0.0	2333.0
3.0	2333.0
7.0	2333.0
28.0	2333.0
62.0	2333.0
95.0	2333.0
126.0	2333.0
162.0	2333.0
195.0	2333.0
227.0	2333.0
261.0	2333.0
292.0	2333.0
327.0	2333.0
360.0	2333.0
393.0	2333.0
424.0	2333.0
460.0	2333.0
492.0	2333.0
0.0	2388.0
3.0	2388.0
7.0	2388.0
28.0	2388.0
62.0	2388.0
95.0	2388.0
126.0	2388.0
162.0	2388.0
195.0	2388.0
227.0	2388.0
261.0	2388.0
292.0	2388.0
327.0	2388.0
360.0	2388.0
393.0	2388.0
424.0	2388.0
460.0	2388.0
492.0	2388.0
0.0	2389.0
3.0	2389.0
7.0	2389.0
28.0	2389.0
62.0	2389.0
95.0	2389.0
126.0	2389.0
162.0	2389.0
195.0	2389.0
227.0	2389.0
261.0	2389.0
292.0	2389.0
327.0	2389.0
360.0	2389.0
393.0	2389.0
424.0	2389.0
460.0	2389.0
492.0	2389.0
0.0	2390.0
3.0	2390.0
7.0	2390.0
28.0	2390.0
62.0	2390.0
95.0	2390.0
126.0	2390.0
162.0	2390.0
195.0	2390.0
227.0	2390.0
261.0	2390.0
292.0	2390.0
327.0	2390.0
360.0	2390.0
393.0	2390.0
424.0	2390.0
460.0	2390.0
492.0	2390.0
0.0	2391.0
3.0	2391.0
7.0	2391.0
28.0	2391.0
62.0	2391.0
95.0	2391.0
126.0	2391.0
162.0	2391.0
195.0	2391.0
227.0	2391.0
261.0	2391.0
292.0	2391.0
327.0	2391.0
360.0	2391.0
393.0	2391.0
424.0	2391.0
460.0	2391.0
492.0	2391.0
0.0	2392.0
3.0	2392.0
7.0	2392.0
28.0	2392.0
62.0	2392.0
95.0	2392.0
126.0	2392.0
162.0	2392.0
195.0	2392.0
227.0	2392.0
261.0	2392.0
292.0	2392.0
327.0	2392.0
360.0	2392.0
393.0	2392.0
424.0	2392.0
460.0	2392.0
492.0	2392.0
0.0	2393.0
3.0	2393.0
7.0	2393.0
28.0	2393.0
62.0	2393.0
95.0	2393.0
126.0	2393.0
162.0	2393.0
195.0	2393.0
227.0	2393.0
261.0	2393.0
292.0	2393.0
327.0	2393.0
360.0	2393.0
393.0	2393.0
424.0	2393.0
460.0	2393.0
492.0	2393.0
0.0	2394.0
3.0	2394.0
7.0	2394.0
28.0	2394.0
62.0	2394.0
95.0	2394.0
126.0	2394.0
162.0	2394.0
195.0	2394.0
227.0	2394.0
261.0	2394.0
292.0	2394.0
327.0	2394.0
360.0	2394.0
393.0	2394.0
424.0	2394.0
460.0	2394.0
492.0	2394.0
0.0	2395.0
3.0	2395.0
7.0	2395.0
28.0	2395.0
62.0	2395.0
95.0	2395.0
126.0	2395.0
162.0	2395.0
195.0	2395.0
227.0	2395.0
261.0	2395.0
292.0	2395.0
327.0	2395.0
360.0	2395.0
393.0	2395.0
424.0	2395.0
460.0	2395.0
492.0	2395.0
0.0	2396.0
3.0	2396.0
7.0	2396.0
28.0	2396.0
62.0	2396.0
95.0	2396.0
126.0	2396.0
162.0	2396.0
195.0	2396.0
227.0	2396.0
261.0	2396.0
292.0	2396.0
327.0	2396.0
360.0	2396.0
393.0	2396.0
424.0	2396.0
460.0	2396.0
492.0	2396.0
0.0	2397.0
3.0	2397.0
7.0	2397.0
28.0	2397.0
62.0	2397.0
95.0	2397.0
126.0	2397.0
162.0	2397.0
195.0	2397.0
227.0	2397.0
261.0	2397.0
292.0	2397.0
327.0	2397.0
360.0	2397.0
393.0	2397.0
424.0	2397.0
460.0	2397.0
492.0	2397.0
0.0	2452.0
3.0	2452.0
7.0	2452.0
28.0	2452.0
62.0	2452.0
95.0	2452.0
126.0	2452.0
162.0	2452.0
195.0	2452.0
227.0	2452.0
261.0	2452.0
292.0	2452.0
327.0	2452.0
360.0	2452.0
393.0	2452.0
424.0	2452.0
460.0	2452.0
492.0	2452.0
0.0	2453.0
3.0	2453.0
7.0	2453.0
28.0	2453.0
62.0	2453.0
95.0	2453.0
126.0	2453.0
162.0	2453.0
195.0	2453.0
227.0	2453.0
261.0	2453.0
292.0	2453.0
327.0	2453.0
360.0	2453.0
393.0	2453.0
424.0	2453.0
460.0	2453.0
492.0	2453.0
0.0	2454.0
3.0	2454.0
7.0	2454.0
28.0	2454.0
62.0	2454.0
95.0	2454.0
126.0	2454.0
162.0	2454.0
195.0	2454.0
227.0	2454.0
261.0	2454.0
292.0	2454.0
327.0	2454.0
360.0	2454.0
393.0	2454.0
424.0	2454.0
460.0	2454.0
492.0	2454.0
0.0	2455.0
3.0	2455.0
7.0	2455.0
28.0	2455.0
62.0	2455.0
95.0	2455.0
126.0	2455.0
162.0	2455.0
195.0	2455.0
227.0	2455.0
261.0	2455.0
292.0	2455.0
327.0	2455.0
360.0	2455.0
393.0	2455.0
424.0	2455.0
460.0	2455.0
492.0	2455.0
0.0	2456.0
3.0	2456.0
7.0	2456.0
28.0	2456.0
62.0	2456.0
95.0	2456.0
126.0	2456.0
162.0	2456.0
195.0	2456.0
227.0	2456.0
261.0	2456.0
292.0	2456.0
327.0	2456.0
360.0	2456.0
393.0	2456.0
424.0	2456.0
460.0	2456.0
492.0	2456.0
0.0	2457.0
3.0	2457.0
7.0	2457.0
28.0	2457.0
62.0	2457.0
95.0	2457.0
126.0	2457.0
162.0	2457.0
195.0	2457.0
227.0	2457.0
261.0	2457.0
292.0	2457.0
327.0	2457.0
360.0	2457.0
393.0	2457.0
424.0	2457.0
460.0	2457.0
492.0	2457.0
0.0	2458.0
3.0	2458.0
7.0	2458.0
28.0	2458.0
62.0	2458.0
95.0	2458.0
126.0	2458.0
162.0	2458.0
195.0	2458.0
227.0	2458.0
261.0	2458.0
292.0	2458.0
327.0	2458.0
360.0	2458.0
393.0	2458.0
424.0	2458.0
460.0	2458.0
492.0	2458.0
0.0	2459.0
3.0	2459.0
7.0	2459.0
28.0	2459.0
62.0	2459.0
95.0	2459.0
126.0	2459.0
162.0	2459.0
195.0	2459.0
227.0	2459.0
261.0	2459.0
292.0	2459.0
327.0	2459.0
360.0	2459.0
393.0	2459.0
424.0	2459.0
460.0	2459.0
492.0	2459.0
0.0	2460.0
3.0	2460.0
7.0	2460.0
28.0	2460.0
62.0	2460.0
95.0	2460.0
126.0	2460.0
162.0	2460.0
195.0	2460.0
227.0	2460.0
261.0	2460.0
292.0	2460.0
327.0	2460.0
360.0	2460.0
393.0	2460.0
424.0	2460.0
460.0	2460.0
492.0	2460.0
0.0	2461.0
3.0	2461.0
7.0	2461.0
28.0	2461.0
62.0	2461.0
95.0	2461.0
126.0	2461.0
162.0	2461.0
195.0	2461.0
227.0	2461.0
261.0	2461.0
292.0	2461.0
327.0	2461.0
360.0	2461.0
393.0	2461.0
424.0	2461.0
460.0	2461.0
492.0	2461.0
0.0	2516.0
3.0	2516.0
7.0	2516.0
28.0	2516.0
62.0	2516.0
95.0	2516.0
126.0	2516.0
162.0	2516.0
195.0	2516.0
227.0	2516.0
261.0	2516.0
292.0	2516.0
327.0	2516.0
360.0	2516.0
393.0	2516.0
424.0	2516.0
460.0	2516.0
492.0	2516.0
0.0	2517.0
3.0	2517.0
7.0	2517.0
28.0	2517.0
62.0	2517.0
95.0	2517.0
126.0	2517.0
162.0	2517.0
195.0	2517.0
227.0	2517.0
261.0	2517.0
292.0	2517.0
327.0	2517.0
360.0	2517.0
393.0	2517.0
424.0	2517.0
460.0	2517.0
492.0	2517.0
0.0	2518.0
3.0	2518.0
7.0	2518.0
28.0	2518.0
62.0	2518.0
95.0	2518.0
126.0	2518.0
162.0	2518.0
195.0	2518.0
227.0	2518.0
261.0	2518.0
292.0	2518.0
327.0	2518.0
360.0	2518.0
393.0	2518.0
424.0	2518.0
460.0	2518.0
492.0	2518.0
0.0	2519.0
3.0	2519.0
7.0	2519.0
28.0	2519.0
62.0	2519.0
95.0	2519.0
126.0	2519.0
162.0	2519.0
195.0	2519.0
227.0	2519.0
261.0	2519.0
292.0	2519.0
327.0	2519.0
360.0	2519.0
393.0	2519.0
424.0	2519.0
460.0	2519.0
492.0	2519.0
0.0	2520.0
3.0	2520.0
7.0	2520.0
28.0	2520.0
62.0	2520.0
95.0	2520.0
126.0	2520.0
162.0	2520.0
195.0	2520.0
227.0	2520.0
261.0	2520.0
292.0	2520.0
327.0	2520.0
360.0	2520.0
393.0	2520.0
424.0	2520.0
460.0	2520.0
492.0	2520.0
0.0	2521.0
3.0	2521.0
7.0	2521.0
28.0	2521.0
62.0	2521.0
95.0	2521.0
126.0	2521.0
162.0	2521.0
195.0	2521.0
227.0	2521.0
261.0	2521.0
292.0	2521.0
327.0	2521.0
360.0	2521.0
393.0	2521.0
424.0	2521.0
460.0	2521.0
492.0	2521.0
0.0	2522.0
3.0	2522.0
7.0	2522.0
28.0	2522.0
62.0	2522.0
95.0	2522.0
126.0	2522.0
162.0	2522.0
195.0	2522.0
227.0	2522.0
261.0	2522.0
292.0	2522.0
327.0	2522.0
360.0	2522.0
393.0	2522.0
424.0	2522.0
460.0	2522.0
492.0	2522.0
0.0	2523.0
3.0	2523.0
7.0	2523.0
28.0	2523.0
62.0	2523.0
95.0	2523.0
126.0	2523.0
162.0	2523.0
195.0	2523.0
227.0	2523.0
261.0	2523.0
292.0	2523.0
327.0	2523.0
360.0	2523.0
393.0	2523.0
424.0	2523.0
460.0	2523.0
492.0	2523.0
0.0	2524.0
3.0	2524.0
7.0	2524.0
28.0	2524.0
62.0	2524.0
95.0	2524.0
126.0	2524.0
162.0	2524.0
195.0	2524.0
227.0	2524.0
261.0	2524.0
292.0	2524.0
327.0	2524.0
360.0	2524.0
393.0	2524.0
424.0	2524.0
460.0	2524.0
492.0	2524.0
0.0	2525.0
3.0	2525.0
7.0	2525.0
28.0	2525.0
62.0	2525.0
95.0	2525.0
126.0	2525.0
162.0	2525.0
195.0	2525.0
227.0	2525.0
261.0	2525.0
292.0	2525.0
327.0	2525.0
360.0	2525.0
393.0	2525.0
424.0	2525.0
460.0	2525.0
492.0	2525.0
0.0	2580.0
3.0	2580.0
7.0	2580.0
28.0	2580.0
62.0	2580.0
95.0	2580.0
126.0	2580.0
162.0	2580.0
195.0	2580.0
227.0	2580.0
261.0	2580.0
292.0	2580.0
327.0	2580.0
360.0	2580.0
393.0	2580.0
424.0	2580.0
460.0	2580.0
492.0	2580.0
0.0	2581.0
3.0	2581.0
7.0	2581.0
28.0	2581.0
62.0	2581.0
95.0	2581.0
126.0	2581.0
162.0	2581.0
195.0	2581.0
227.0	2581.0
261.0	2581.0
292.0	2581.0
327.0	2581.0
360.0	2581.0
393.0	2581.0
424.0	2581.0
460.0	2581.0
492.0	2581.0
0.0	2582.0
3.0	2582.0
7.0	2582.0
28.0	2582.0
62.0	2582.0
95.0	2582.0
126.0	2582.0
162.0	2582.0
195.0	2582.0
227.0	2582.0
261.0	2582.0
292.0	2582.0
327.0	2582.0
360.0	2582.0
393.0	2582.0
424.0	2582.0
460.0	2582.0
492.0	2582.0
0.0	2583.0
3.0	2583.0
7.0	2583.0
28.0	2583.0
62.0	2583.0
95.0	2583.0
126.0	2583.0
162.0	2583.0
195.0	2583.0
227.0	2583.0
261.0	2583.0
292.0	2583.0
327.0	2583.0
360.0	2583.0
393.0	2583.0
424.0	2583.0
460.0	2583.0
492.0	2583.0
0.0	2584.0
3.0	2584.0
7.0	2584.0
28.0	2584.0
62.0	2584.0
95.0	2584.0
126.0	2584.0
162.0	2584.0
195.0	2584.0
227.0	2584.0
261.0	2584.0
292.0	2584.0
327.0	2584.0
360.0	2584.0
393.0	2584.0
424.0	2584.0
460.0	2584.0
492.0	2584.0
0.0	2585.0
3.0	2585.0
7.0	2585.0
28.0	2585.0
62.0	2585.0
95.0	2585.0
126.0	2585.0
162.0	2585.0
195.0	2585.0
227.0	2585.0
261.0	2585.0
292.0	2585.0
327.0	2585.0
360.0	2585.0
393.0	2585.0
424.0	2585.0
460.0	2585.0
492.0	2585.0
0.0	2586.0
3.0	2586.0
7.0	2586.0
28.0	2586.0
62.0	2586.0
95.0	2586.0
126.0	2586.0
162.0	2586.0
195.0	2586.0
227.0	2586.0
261.0	2586.0
292.0	2586.0
327.0	2586.0
360.0	2586.0
393.0	2586.0
424.0	2586.0
460.0	2586.0
492.0	2586.0
0.0	2587.0
3.0	2587.0
7.0	2587.0
28.0	2587.0
62.0	2587.0
95.0	2587.0
126.0	2587.0
162.0	2587.0
195.0	2587.0
227.0	2587.0
261.0	2587.0
292.0	2587.0
327.0	2587.0
360.0	2587.0
393.0	2587.0
424.0	2587.0
460.0	2587.0
492.0	2587.0
0.0	2588.0
3.0	2588.0
7.0	2588.0
28.0	2588.0
62.0	2588.0
95.0	2588.0
126.0	2588.0
162.0	2588.0
195.0	2588.0
227.0	2588.0
261.0	2588.0
292.0	2588.0
327.0	2588.0
360.0	2588.0
393.0	2588.0
424.0	2588.0
460.0	2588.0
492.0	2588.0
0.0	2589.0
3.0	2589.0
7.0	2589.0
28.0	2589.0
62.0	2589.0
95.0	2589.0
126.0	2589.0
162.0	2589.0
195.0	2589.0
227.0	2589.0
261.0	2589.0
292.0	2589.0
327.0	2589.0
360.0	2589.0
393.0	2589.0
424.0	2589.0
460.0	2589.0
492.0	2589.0
0.0	2644.0
3.0	2644.0
7.0	2644.0
28.0	2644.0
62.0	2644.0
95.0	2644.0
126.0	2644.0
162.0	2644.0
195.0	2644.0
227.0	2644.0
261.0	2644.0
292.0	2644.0
327.0	2644.0
360.0	2644.0
393.0	2644.0
461.0	2644.0
492.0	2644.0
0.0	2645.0
3.0	2645.0
7.0	2645.0
28.0	2645.0
62.0	2645.0
95.0	2645.0
126.0	2645.0
162.0	2645.0
195.0	2645.0
227.0	2645.0
261.0	2645.0
292.0	2645.0
327.0	2645.0
360.0	2645.0
393.0	2645.0
424.0	2645.0
460.0	2645.0
492.0	2645.0
0.0	2646.0
3.0	2646.0
7.0	2646.0
28.0	2646.0
62.0	2646.0
95.0	2646.0
126.0	2646.0
162.0	2646.0
195.0	2646.0
227.0	2646.0
261.0	2646.0
292.0	2646.0
327.0	2646.0
360.0	2646.0
393.0	2646.0
424.0	2646.0
460.0	2646.0
492.0	2646.0
0.0	2647.0
3.0	2647.0
7.0	2647.0
28.0	2647.0
62.0	2647.0
95.0	2647.0
126.0	2647.0
162.0	2647.0
195.0	2647.0
227.0	2647.0
261.0	2647.0
292.0	2647.0
327.0	2647.0
360.0	2647.0
393.0	2647.0
424.0	2647.0
460.0	2647.0
492.0	2647.0
0.0	2648.0
3.0	2648.0
7.0	2648.0
28.0	2648.0
62.0	2648.0
95.0	2648.0
126.0	2648.0
162.0	2648.0
195.0	2648.0
227.0	2648.0
261.0	2648.0
292.0	2648.0
327.0	2648.0
360.0	2648.0
393.0	2648.0
424.0	2648.0
460.0	2648.0
492.0	2648.0
0.0	2649.0
3.0	2649.0
7.0	2649.0
28.0	2649.0
62.0	2649.0
95.0	2649.0
126.0	2649.0
162.0	2649.0
195.0	2649.0
227.0	2649.0
261.0	2649.0
292.0	2649.0
327.0	2649.0
360.0	2649.0
393.0	2649.0
424.0	2649.0
460.0	2649.0
492.0	2649.0
0.0	2650.0
3.0	2650.0
7.0	2650.0
28.0	2650.0
62.0	2650.0
95.0	2650.0
126.0	2650.0
162.0	2650.0
195.0	2650.0
227.0	2650.0
261.0	2650.0
292.0	2650.0
327.0	2650.0
360.0	2650.0
393.0	2650.0
424.0	2650.0
460.0	2650.0
492.0	2650.0
0.0	2651.0
3.0	2651.0
7.0	2651.0
28.0	2651.0
62.0	2651.0
95.0	2651.0
126.0	2651.0
162.0	2651.0
195.0	2651.0
227.0	2651.0
261.0	2651.0
292.0	2651.0
327.0	2651.0
360.0	2651.0
393.0	2651.0
424.0	2651.0
460.0	2651.0
492.0	2651.0
0.0	2652.0
3.0	2652.0
7.0	2652.0
28.0	2652.0
62.0	2652.0
95.0	2652.0
126.0	2652.0
162.0	2652.0
195.0	2652.0
227.0	2652.0
261.0	2652.0
292.0	2652.0
327.0	2652.0
360.0	2652.0
393.0	2652.0
424.0	2652.0
460.0	2652.0
492.0	2652.0
0.0	2653.0
3.0	2653.0
7.0	2653.0
28.0	2653.0
62.0	2653.0
95.0	2653.0
126.0	2653.0
162.0	2653.0
195.0	2653.0
227.0	2653.0
261.0	2653.0
292.0	2653.0
327.0	2653.0
360.0	2653.0
393.0	2653.0
424.0	2653.0
460.0	2653.0
492.0	2653.0
0.0	2708.0
3.0	2708.0
7.0	2708.0
28.0	2708.0
62.0	2708.0
95.0	2708.0
126.0	2708.0
162.0	2708.0
195.0	2708.0
227.0	2708.0
261.0	2708.0
292.0	2708.0
327.0	2708.0
360.0	2708.0
393.0	2708.0
461.0	2708.0
492.0	2708.0
0.0	2709.0
3.0	2709.0
7.0	2709.0
28.0	2709.0
62.0	2709.0
95.0	2709.0
126.0	2709.0
162.0	2709.0
195.0	2709.0
227.0	2709.0
261.0	2709.0
292.0	2709.0
327.0	2709.0
360.0	2709.0
393.0	2709.0
424.0	2709.0
460.0	2709.0
492.0	2709.0
0.0	2710.0
3.0	2710.0
7.0	2710.0
28.0	2710.0
62.0	2710.0
95.0	2710.0
126.0	2710.0
162.0	2710.0
195.0	2710.0
227.0	2710.0
261.0	2710.0
292.0	2710.0
327.0	2710.0
360.0	2710.0
393.0	2710.0
424.0	2710.0
460.0	2710.0
492.0	2710.0
0.0	2711.0
3.0	2711.0
7.0	2711.0
28.0	2711.0
62.0	2711.0
95.0	2711.0
126.0	2711.0
162.0	2711.0
195.0	2711.0
227.0	2711.0
261.0	2711.0
292.0	2711.0
327.0	2711.0
360.0	2711.0
393.0	2711.0
424.0	2711.0
460.0	2711.0
492.0	2711.0
0.0	2712.0
3.0	2712.0
7.0	2712.0
28.0	2712.0
62.0	2712.0
95.0	2712.0
126.0	2712.0
162.0	2712.0
195.0	2712.0
227.0	2712.0
261.0	2712.0
292.0	2712.0
327.0	2712.0
360.0	2712.0
393.0	2712.0
424.0	2712.0
460.0	2712.0
492.0	2712.0
0.0	2713.0
3.0	2713.0
7.0	2713.0
28.0	2713.0
62.0	2713.0
95.0	2713.0
126.0	2713.0
162.0	2713.0
195.0	2713.0
227.0	2713.0
261.0	2713.0
292.0	2713.0
327.0	2713.0
360.0	2713.0
393.0	2713.0
424.0	2713.0
460.0	2713.0
492.0	2713.0
0.0	2714.0
3.0	2714.0
7.0	2714.0
28.0	2714.0
62.0	2714.0
95.0	2714.0
126.0	2714.0
162.0	2714.0
195.0	2714.0
227.0	2714.0
261.0	2714.0
292.0	2714.0
327.0	2714.0
360.0	2714.0
393.0	2714.0
424.0	2714.0
460.0	2714.0
492.0	2714.0
0.0	2715.0
3.0	2715.0
7.0	2715.0
28.0	2715.0
62.0	2715.0
95.0	2715.0
126.0	2715.0
162.0	2715.0
195.0	2715.0
227.0	2715.0
261.0	2715.0
292.0	2715.0
327.0	2715.0
360.0	2715.0
393.0	2715.0
424.0	2715.0
460.0	2715.0
492.0	2715.0
0.0	2716.0
3.0	2716.0
7.0	2716.0
28.0	2716.0
62.0	2716.0
95.0	2716.0
126.0	2716.0
162.0	2716.0
195.0	2716.0
227.0	2716.0
261.0	2716.0
292.0	2716.0
327.0	2716.0
360.0	2716.0
393.0	2716.0
424.0	2716.0
460.0	2716.0
492.0	2716.0
0.0	2717.0
3.0	2717.0
7.0	2717.0
28.0	2717.0
62.0	2717.0
95.0	2717.0
126.0	2717.0
162.0	2717.0
195.0	2717.0
227.0	2717.0
261.0	2717.0
292.0	2717.0
327.0	2717.0
360.0	2717.0
393.0	2717.0
424.0	2717.0
460.0	2717.0
492.0	2717.0
0.0	2772.0
3.0	2772.0
7.0	2772.0
28.0	2772.0
62.0	2772.0
95.0	2772.0
126.0	2772.0
162.0	2772.0
195.0	2772.0
227.0	2772.0
261.0	2772.0
292.0	2772.0
327.0	2772.0
360.0	2772.0
393.0	2772.0
461.0	2772.0
492.0	2772.0
0.0	2773.0
3.0	2773.0
7.0	2773.0
28.0	2773.0
62.0	2773.0
95.0	2773.0
126.0	2773.0
162.0	2773.0
195.0	2773.0
227.0	2773.0
261.0	2773.0
292.0	2773.0
327.0	2773.0
360.0	2773.0
393.0	2773.0
424.0	2773.0
460.0	2773.0
492.0	2773.0
0.0	2774.0
3.0	2774.0
7.0	2774.0
28.0	2774.0
62.0	2774.0
95.0	2774.0
126.0	2774.0
162.0	2774.0
195.0	2774.0
227.0	2774.0
261.0	2774.0
292.0	2774.0
327.0	2774.0
360.0	2774.0
393.0	2774.0
424.0	2774.0
460.0	2774.0
492.0	2774.0
0.0	2775.0
3.0	2775.0
7.0	2775.0
28.0	2775.0
62.0	2775.0
95.0	2775.0
126.0	2775.0
162.0	2775.0
195.0	2775.0
227.0	2775.0
261.0	2775.0
292.0	2775.0
327.0	2775.0
360.0	2775.0
393.0	2775.0
424.0	2775.0
460.0	2775.0
492.0	2775.0
0.0	2776.0
3.0	2776.0
7.0	2776.0
28.0	2776.0
62.0	2776.0
95.0	2776.0
126.0	2776.0
162.0	2776.0
195.0	2776.0
227.0	2776.0
261.0	2776.0
292.0	2776.0
327.0	2776.0
360.0	2776.0
393.0	2776.0
424.0	2776.0
460.0	2776.0
492.0	2776.0
0.0	2777.0
3.0	2777.0
7.0	2777.0
28.0	2777.0
62.0	2777.0
95.0	2777.0
126.0	2777.0
162.0	2777.0
195.0	2777.0
227.0	2777.0
261.0	2777.0
292.0	2777.0
327.0	2777.0
360.0	2777.0
393.0	2777.0
424.0	2777.0
460.0	2777.0
492.0	2777.0
0.0	2778.0
3.0	2778.0
7.0	2778.0
28.0	2778.0
62.0	2778.0
95.0	2778.0
126.0	2778.0
162.0	2778.0
195.0	2778.0
227.0	2778.0
261.0	2778.0
292.0	2778.0
327.0	2778.0
360.0	2778.0
393.0	2778.0
424.0	2778.0
460.0	2778.0
492.0	2778.0
0.0	2779.0
3.0	2779.0
7.0	2779.0
28.0	2779.0
62.0	2779.0
95.0	2779.0
126.0	2779.0
162.0	2779.0
195.0	2779.0
227.0	2779.0
261.0	2779.0
292.0	2779.0
327.0	2779.0
360.0	2779.0
393.0	2779.0
424.0	2779.0
460.0	2779.0
492.0	2779.0
0.0	2780.0
3.0	2780.0
7.0	2780.0
28.0	2780.0
62.0	2780.0
95.0	2780.0
126.0	2780.0
162.0	2780.0
195.0	2780.0
227.0	2780.0
261.0	2780.0
292.0	2780.0
327.0	2780.0
360.0	2780.0
393.0	2780.0
424.0	2780.0
460.0	2780.0
492.0	2780.0
0.0	2781.0
3.0	2781.0
7.0	2781.0
28.0	2781.0
62.0	2781.0
95.0	2781.0
126.0	2781.0
162.0	2781.0
195.0	2781.0
227.0	2781.0
261.0	2781.0
292.0	2781.0
327.0	2781.0
360.0	2781.0
393.0	2781.0
424.0	2781.0
460.0	2781.0
492.0	2781.0
0.0	2836.0
3.0	2836.0
7.0	2836.0
28.0	2836.0
62.0	2836.0
95.0	2836.0
126.0	2836.0
162.0	2836.0
195.0	2836.0
262.0	2836.0
292.0	2836.0
327.0	2836.0
360.0	2836.0
393.0	2836.0
461.0	2836.0
492.0	2836.0
0.0	2837.0
3.0	2837.0
7.0	2837.0
28.0	2837.0
62.0	2837.0
95.0	2837.0
126.0	2837.0
162.0	2837.0
195.0	2837.0
227.0	2837.0
261.0	2837.0
292.0	2837.0
327.0	2837.0
360.0	2837.0
393.0	2837.0
424.0	2837.0
460.0	2837.0
492.0	2837.0
0.0	2838.0
3.0	2838.0
7.0	2838.0
28.0	2838.0
62.0	2838.0
95.0	2838.0
126.0	2838.0
162.0	2838.0
195.0	2838.0
227.0	2838.0
261.0	2838.0
292.0	2838.0
327.0	2838.0
360.0	2838.0
393.0	2838.0
424.0	2838.0
460.0	2838.0
492.0	2838.0
0.0	2839.0
3.0	2839.0
7.0	2839.0
28.0	2839.0
62.0	2839.0
95.0	2839.0
126.0	2839.0
162.0	2839.0
195.0	2839.0
227.0	2839.0
261.0	2839.0
292.0	2839.0
327.0	2839.0
360.0	2839.0
393.0	2839.0
424.0	2839.0
460.0	2839.0
492.0	2839.0
0.0	2840.0
3.0	2840.0
7.0	2840.0
28.0	2840.0
62.0	2840.0
95.0	2840.0
126.0	2840.0
162.0	2840.0
195.0	2840.0
227.0	2840.0
261.0	2840.0
292.0	2840.0
327.0	2840.0
360.0	2840.0
393.0	2840.0
424.0	2840.0
460.0	2840.0
492.0	2840.0
0.0	2841.0
3.0	2841.0
7.0	2841.0
28.0	2841.0
62.0	2841.0
95.0	2841.0
126.0	2841.0
162.0	2841.0
195.0	2841.0
227.0	2841.0
261.0	2841.0
292.0	2841.0
327.0	2841.0
360.0	2841.0
393.0	2841.0
424.0	2841.0
460.0	2841.0
492.0	2841.0
0.0	2842.0
3.0	2842.0
7.0	2842.0
28.0	2842.0
62.0	2842.0
95.0	2842.0
126.0	2842.0
162.0	2842.0
195.0	2842.0
227.0	2842.0
261.0	2842.0
292.0	2842.0
327.0	2842.0
360.0	2842.0
393.0	2842.0
424.0	2842.0
460.0	2842.0
492.0	2842.0
0.0	2843.0
3.0	2843.0
7.0	2843.0
28.0	2843.0
62.0	2843.0
95.0	2843.0
126.0	2843.0
162.0	2843.0
195.0	2843.0
227.0	2843.0
261.0	2843.0
292.0	2843.0
327.0	2843.0
360.0	2843.0
393.0	2843.0
424.0	2843.0
460.0	2843.0
492.0	2843.0
0.0	2844.0
3.0	2844.0
7.0	2844.0
28.0	2844.0
62.0	2844.0
95.0	2844.0
126.0	2844.0
162.0	2844.0
195.0	2844.0
227.0	2844.0
261.0	2844.0
292.0	2844.0
327.0	2844.0
360.0	2844.0
393.0	2844.0
424.0	2844.0
460.0	2844.0
492.0	2844.0
0.0	2845.0
3.0	2845.0
7.0	2845.0
28.0	2845.0
62.0	2845.0
95.0	2845.0
126.0	2845.0
162.0	2845.0
195.0	2845.0
227.0	2845.0
261.0	2845.0
292.0	2845.0
327.0	2845.0
360.0	2845.0
393.0	2845.0
424.0	2845.0
460.0	2845.0
492.0	2845.0
0.0	2900.0
3.0	2900.0
7.0	2900.0
28.0	2900.0
62.0	2900.0
95.0	2900.0
126.0	2900.0
162.0	2900.0
195.0	2900.0
262.0	2900.0
292.0	2900.0
327.0	2900.0
360.0	2900.0
393.0	2900.0
461.0	2900.0
492.0	2900.0
0.0	2901.0
3.0	2901.0
7.0	2901.0
28.0	2901.0
62.0	2901.0
95.0	2901.0
126.0	2901.0
162.0	2901.0
195.0	2901.0
227.0	2901.0
261.0	2901.0
292.0	2901.0
327.0	2901.0
360.0	2901.0
393.0	2901.0
424.0	2901.0
460.0	2901.0
492.0	2901.0
0.0	2902.0
3.0	2902.0
7.0	2902.0
28.0	2902.0
62.0	2902.0
95.0	2902.0
126.0	2902.0
162.0	2902.0
195.0	2902.0
227.0	2902.0
261.0	2902.0
292.0	2902.0
327.0	2902.0
360.0	2902.0
393.0	2902.0
424.0	2902.0
460.0	2902.0
492.0	2902.0
0.0	2903.0
3.0	2903.0
7.0	2903.0
28.0	2903.0
62.0	2903.0
95.0	2903.0
126.0	2903.0
162.0	2903.0
195.0	2903.0
227.0	2903.0
261.0	2903.0
292.0	2903.0
327.0	2903.0
360.0	2903.0
393.0	2903.0
424.0	2903.0
460.0	2903.0
492.0	2903.0
0.0	2904.0
3.0	2904.0
7.0	2904.0
28.0	2904.0
62.0	2904.0
95.0	2904.0
126.0	2904.0
162.0	2904.0
195.0	2904.0
227.0	2904.0
261.0	2904.0
292.0	2904.0
327.0	2904.0
360.0	2904.0
393.0	2904.0
424.0	2904.0
460.0	2904.0
492.0	2904.0
0.0	2905.0
3.0	2905.0
7.0	2905.0
28.0	2905.0
62.0	2905.0
95.0	2905.0
126.0	2905.0
162.0	2905.0
195.0	2905.0
227.0	2905.0
261.0	2905.0
292.0	2905.0
327.0	2905.0
360.0	2905.0
393.0	2905.0
424.0	2905.0
460.0	2905.0
492.0	2905.0
0.0	2906.0
3.0	2906.0
7.0	2906.0
28.0	2906.0
62.0	2906.0
95.0	2906.0
126.0	2906.0
162.0	2906.0
195.0	2906.0
227.0	2906.0
261.0	2906.0
292.0	2906.0
327.0	2906.0
360.0	2906.0
393.0	2906.0
424.0	2906.0
460.0	2906.0
492.0	2906.0
0.0	2907.0
3.0	2907.0
7.0	2907.0
28.0	2907.0
62.0	2907.0
95.0	2907.0
126.0	2907.0
162.0	2907.0
195.0	2907.0
227.0	2907.0
261.0	2907.0
292.0	2907.0
327.0	2907.0
360.0	2907.0
393.0	2907.0
424.0	2907.0
460.0	2907.0
492.0	2907.0
0.0	2908.0
3.0	2908.0
7.0	2908.0
28.0	2908.0
62.0	2908.0
95.0	2908.0
126.0	2908.0
162.0	2908.0
195.0	2908.0
227.0	2908.0
261.0	2908.0
292.0	2908.0
327.0	2908.0
360.0	2908.0
393.0	2908.0
424.0	2908.0
460.0	2908.0
492.0	2908.0
0.0	2909.0
3.0	2909.0
7.0	2909.0
28.0	2909.0
62.0	2909.0
95.0	2909.0
126.0	2909.0
162.0	2909.0
195.0	2909.0
227.0	2909.0
261.0	2909.0
292.0	2909.0
327.0	2909.0
360.0	2909.0
393.0	2909.0
424.0	2909.0
460.0	2909.0
492.0	2909.0
0.0	2964.0
3.0	2964.0
7.0	2964.0
28.0	2964.0
62.0	2964.0
95.0	2964.0
126.0	2964.0
162.0	2964.0
195.0	2964.0
262.0	2964.0
292.0	2964.0
327.0	2964.0
360.0	2964.0
393.0	2964.0
461.0	2964.0
492.0	2964.0
0.0	2965.0
3.0	2965.0
7.0	2965.0
28.0	2965.0
62.0	2965.0
95.0	2965.0
126.0	2965.0
162.0	2965.0
195.0	2965.0
227.0	2965.0
261.0	2965.0
292.0	2965.0
327.0	2965.0
360.0	2965.0
393.0	2965.0
424.0	2965.0
460.0	2965.0
492.0	2965.0
0.0	2966.0
3.0	2966.0
7.0	2966.0
28.0	2966.0
62.0	2966.0
95.0	2966.0
126.0	2966.0
162.0	2966.0
195.0	2966.0
227.0	2966.0
261.0	2966.0
292.0	2966.0
327.0	2966.0
360.0	2966.0
393.0	2966.0
424.0	2966.0
460.0	2966.0
492.0	2966.0
0.0	2967.0
3.0	2967.0
7.0	2967.0
28.0	2967.0
62.0	2967.0
95.0	2967.0
126.0	2967.0
162.0	2967.0
195.0	2967.0
227.0	2967.0
261.0	2967.0
292.0	2967.0
327.0	2967.0
360.0	2967.0
393.0	2967.0
424.0	2967.0
460.0	2967.0
492.0	2967.0
0.0	2968.0
3.0	2968.0
7.0	2968.0
28.0	2968.0
62.0	2968.0
95.0	2968.0
126.0	2968.0
162.0	2968.0
195.0	2968.0
227.0	2968.0
261.0	2968.0
292.0	2968.0
327.0	2968.0
360.0	2968.0
393.0	2968.0
424.0	2968.0
460.0	2968.0
492.0	2968.0
0.0	2969.0
3.0	2969.0
7.0	2969.0
28.0	2969.0
62.0	2969.0
95.0	2969.0
126.0	2969.0
162.0	2969.0
195.0	2969.0
227.0	2969.0
261.0	2969.0
292.0	2969.0
327.0	2969.0
360.0	2969.0
393.0	2969.0
424.0	2969.0
460.0	2969.0
492.0	2969.0
0.0	2970.0
3.0	2970.0
7.0	2970.0
28.0	2970.0
62.0	2970.0
95.0	2970.0
126.0	2970.0
162.0	2970.0
195.0	2970.0
227.0	2970.0
261.0	2970.0
292.0	2970.0
327.0	2970.0
360.0	2970.0
393.0	2970.0
424.0	2970.0
460.0	2970.0
492.0	2970.0
0.0	2971.0
3.0	2971.0
7.0	2971.0
28.0	2971.0
62.0	2971.0
95.0	2971.0
126.0	2971.0
162.0	2971.0
195.0	2971.0
227.0	2971.0
261.0	2971.0
292.0	2971.0
327.0	2971.0
360.0	2971.0
393.0	2971.0
424.0	2971.0
460.0	2971.0
492.0	2971.0
0.0	2972.0
3.0	2972.0
7.0	2972.0
28.0	2972.0
62.0	2972.0
95.0	2972.0
126.0	2972.0
162.0	2972.0
195.0	2972.0
227.0	2972.0
261.0	2972.0
292.0	2972.0
327.0	2972.0
360.0	2972.0
393.0	2972.0
424.0	2972.0
460.0	2972.0
492.0	2972.0
0.0	2973.0
3.0	2973.0
7.0	2973.0
28.0	2973.0
62.0	2973.0
95.0	2973.0
126.0	2973.0
162.0	2973.0
195.0	2973.0
227.0	2973.0
261.0	2973.0
292.0	2973.0
327.0	2973.0
360.0	2973.0
393.0	2973.0
424.0	2973.0
460.0	2973.0
492.0	2973.0
0.0	3028.0
3.0	3028.0
7.0	3028.0
28.0	3028.0
62.0	3028.0
95.0	3028.0
126.0	3028.0
162.0	3028.0
195.0	3028.0
262.0	3028.0
292.0	3028.0
327.0	3028.0
360.0	3028.0
393.0	3028.0
461.0	3028.0
492.0	3028.0
0.0	3029.0
3.0	3029.0
7.0	3029.0
28.0	3029.0
62.0	3029.0
95.0	3029.0
126.0	3029.0
162.0	3029.0
195.0	3029.0
227.0	3029.0
261.0	3029.0
292.0	3029.0
327.0	3029.0
360.0	3029.0
393.0	3029.0
424.0	3029.0
460.0	3029.0
492.0	3029.0
0.0	3030.0
3.0	3030.0
7.0	3030.0
28.0	3030.0
62.0	3030.0
95.0	3030.0
126.0	3030.0
162.0	3030.0
195.0	3030.0
227.0	3030.0
261.0	3030.0
292.0	3030.0
327.0	3030.0
360.0	3030.0
393.0	3030.0
424.0	3030.0
460.0	3030.0
492.0	3030.0
0.0	3031.0
3.0	3031.0
7.0	3031.0
28.0	3031.0
62.0	3031.0
95.0	3031.0
126.0	3031.0
162.0	3031.0
195.0	3031.0
227.0	3031.0
261.0	3031.0
292.0	3031.0
327.0	3031.0
360.0	3031.0
393.0	3031.0
424.0	3031.0
460.0	3031.0
492.0	3031.0
0.0	3032.0
3.0	3032.0
7.0	3032.0
28.0	3032.0
62.0	3032.0
95.0	3032.0
126.0	3032.0
162.0	3032.0
195.0	3032.0
227.0	3032.0
261.0	3032.0
292.0	3032.0
327.0	3032.0
360.0	3032.0
393.0	3032.0
424.0	3032.0
460.0	3032.0
492.0	3032.0
0.0	3033.0
3.0	3033.0
7.0	3033.0
28.0	3033.0
62.0	3033.0
95.0	3033.0
126.0	3033.0
162.0	3033.0
195.0	3033.0
227.0	3033.0
261.0	3033.0
292.0	3033.0
327.0	3033.0
360.0	3033.0
393.0	3033.0
424.0	3033.0
460.0	3033.0
492.0	3033.0
0.0	3034.0
3.0	3034.0
7.0	3034.0
28.0	3034.0
62.0	3034.0
95.0	3034.0
126.0	3034.0
162.0	3034.0
195.0	3034.0
227.0	3034.0
261.0	3034.0
292.0	3034.0
327.0	3034.0
360.0	3034.0
393.0	3034.0
424.0	3034.0
460.0	3034.0
492.0	3034.0
0.0	3035.0
3.0	3035.0
7.0	3035.0
28.0	3035.0
62.0	3035.0
95.0	3035.0
126.0	3035.0
162.0	3035.0
195.0	3035.0
227.0	3035.0
261.0	3035.0
292.0	3035.0
327.0	3035.0
360.0	3035.0
393.0	3035.0
424.0	3035.0
460.0	3035.0
492.0	3035.0
0.0	3036.0
3.0	3036.0
7.0	3036.0
28.0	3036.0
62.0	3036.0
95.0	3036.0
126.0	3036.0
162.0	3036.0
195.0	3036.0
227.0	3036.0
261.0	3036.0
292.0	3036.0
327.0	3036.0
360.0	3036.0
393.0	3036.0
424.0	3036.0
460.0	3036.0
492.0	3036.0
0.0	3037.0
3.0	3037.0
7.0	3037.0
28.0	3037.0
62.0	3037.0
95.0	3037.0
126.0	3037.0
162.0	3037.0
195.0	3037.0
227.0	3037.0
261.0	3037.0
292.0	3037.0
327.0	3037.0
360.0	3037.0
393.0	3037.0
424.0	3037.0
460.0	3037.0
492.0	3037.0
0.0	3092.0
3.0	3092.0
9.0	3092.0
29.0	3092.0
62.0	3092.0
95.0	3092.0
126.0	3092.0
162.0	3092.0
195.0	3092.0
262.0	3092.0
292.0	3092.0
327.0	3092.0
360.0	3092.0
393.0	3092.0
461.0	3092.0
492.0	3092.0
0.0	3093.0
3.0	3093.0
7.0	3093.0
28.0	3093.0
62.0	3093.0
95.0	3093.0
126.0	3093.0
162.0	3093.0
195.0	3093.0
227.0	3093.0
261.0	3093.0
292.0	3093.0
327.0	3093.0
360.0	3093.0
393.0	3093.0
424.0	3093.0
460.0	3093.0
492.0	3093.0
0.0	3094.0
3.0	3094.0
7.0	3094.0
28.0	3094.0
62.0	3094.0
95.0	3094.0
126.0	3094.0
162.0	3094.0
195.0	3094.0
227.0	3094.0
261.0	3094.0
292.0	3094.0
327.0	3094.0
360.0	3094.0
393.0	3094.0
424.0	3094.0
460.0	3094.0
492.0	3094.0
0.0	3095.0
3.0	3095.0
7.0	3095.0
28.0	3095.0
62.0	3095.0
95.0	3095.0
126.0	3095.0
162.0	3095.0
195.0	3095.0
227.0	3095.0
261.0	3095.0
292.0	3095.0
327.0	3095.0
360.0	3095.0
393.0	3095.0
424.0	3095.0
460.0	3095.0
492.0	3095.0
0.0	3096.0
3.0	3096.0
7.0	3096.0
28.0	3096.0
62.0	3096.0
95.0	3096.0
126.0	3096.0
162.0	3096.0
195.0	3096.0
227.0	3096.0
261.0	3096.0
292.0	3096.0
327.0	3096.0
360.0	3096.0
393.0	3096.0
424.0	3096.0
460.0	3096.0
492.0	3096.0
0.0	3097.0
3.0	3097.0
7.0	3097.0
28.0	3097.0
62.0	3097.0
95.0	3097.0
126.0	3097.0
162.0	3097.0
195.0	3097.0
227.0	3097.0
261.0	3097.0
292.0	3097.0
327.0	3097.0
360.0	3097.0
393.0	3097.0
424.0	3097.0
460.0	3097.0
492.0	3097.0
0.0	3098.0
3.0	3098.0
7.0	3098.0
28.0	3098.0
62.0	3098.0
95.0	3098.0
126.0	3098.0
162.0	3098.0
195.0	3098.0
227.0	3098.0
261.0	3098.0
292.0	3098.0
327.0	3098.0
360.0	3098.0
393.0	3098.0
424.0	3098.0
460.0	3098.0
492.0	3098.0
0.0	3099.0
3.0	3099.0
7.0	3099.0
28.0	3099.0
62.0	3099.0
95.0	3099.0
126.0	3099.0
162.0	3099.0
195.0	3099.0
227.0	3099.0
261.0	3099.0
292.0	3099.0
327.0	3099.0
360.0	3099.0
393.0	3099.0
424.0	3099.0
460.0	3099.0
492.0	3099.0
0.0	3100.0
3.0	3100.0
7.0	3100.0
28.0	3100.0
62.0	3100.0
95.0	3100.0
126.0	3100.0
162.0	3100.0
195.0	3100.0
227.0	3100.0
261.0	3100.0
292.0	3100.0
327.0	3100.0
360.0	3100.0
393.0	3100.0
424.0	3100.0
460.0	3100.0
492.0	3100.0
0.0	3101.0
3.0	3101.0
7.0	3101.0
28.0	3101.0
62.0	3101.0
95.0	3101.0
126.0	3101.0
162.0	3101.0
195.0	3101.0
227.0	3101.0
261.0	3101.0
292.0	3101.0
327.0	3101.0
360.0	3101.0
393.0	3101.0
424.0	3101.0
460.0	3101.0
492.0	3101.0
0.0	3156.0
3.0	3156.0
9.0	3156.0
29.0	3156.0
62.0	3156.0
95.0	3156.0
163.0	3156.0
195.0	3156.0
262.0	3156.0
292.0	3156.0
327.0	3156.0
360.0	3156.0
393.0	3156.0
461.0	3156.0
492.0	3156.0
0.0	3157.0
3.0	3157.0
7.0	3157.0
28.0	3157.0
62.0	3157.0
95.0	3157.0
126.0	3157.0
162.0	3157.0
195.0	3157.0
227.0	3157.0
261.0	3157.0
292.0	3157.0
327.0	3157.0
360.0	3157.0
393.0	3157.0
424.0	3157.0
460.0	3157.0
492.0	3157.0
0.0	3158.0
3.0	3158.0
7.0	3158.0
28.0	3158.0
62.0	3158.0
95.0	3158.0
126.0	3158.0
162.0	3158.0
195.0	3158.0
227.0	3158.0
261.0	3158.0
292.0	3158.0
327.0	3158.0
360.0	3158.0
393.0	3158.0
424.0	3158.0
460.0	3158.0
492.0	3158.0
0.0	3159.0
3.0	3159.0
7.0	3159.0
28.0	3159.0
62.0	3159.0
95.0	3159.0
126.0	3159.0
162.0	3159.0
195.0	3159.0
227.0	3159.0
261.0	3159.0
292.0	3159.0
327.0	3159.0
360.0	3159.0
393.0	3159.0
424.0	3159.0
460.0	3159.0
492.0	3159.0
0.0	3160.0
3.0	3160.0
7.0	3160.0
28.0	3160.0
62.0	3160.0
95.0	3160.0
126.0	3160.0
162.0	3160.0
195.0	3160.0
227.0	3160.0
261.0	3160.0
292.0	3160.0
327.0	3160.0
360.0	3160.0
393.0	3160.0
424.0	3160.0
460.0	3160.0
492.0	3160.0
0.0	3161.0
3.0	3161.0
7.0	3161.0
28.0	3161.0
62.0	3161.0
95.0	3161.0
126.0	3161.0
162.0	3161.0
195.0	3161.0
227.0	3161.0
261.0	3161.0
292.0	3161.0
327.0	3161.0
360.0	3161.0
393.0	3161.0
424.0	3161.0
460.0	3161.0
492.0	3161.0
0.0	3162.0
3.0	3162.0
7.0	3162.0
28.0	3162.0
62.0	3162.0
95.0	3162.0
126.0	3162.0
162.0	3162.0
195.0	3162.0
227.0	3162.0
261.0	3162.0
292.0	3162.0
327.0	3162.0
360.0	3162.0
393.0	3162.0
424.0	3162.0
460.0	3162.0
492.0	3162.0
0.0	3163.0
3.0	3163.0
7.0	3163.0
28.0	3163.0
62.0	3163.0
95.0	3163.0
126.0	3163.0
162.0	3163.0
195.0	3163.0
227.0	3163.0
261.0	3163.0
292.0	3163.0
327.0	3163.0
360.0	3163.0
393.0	3163.0
424.0	3163.0
460.0	3163.0
492.0	3163.0
0.0	3164.0
3.0	3164.0
7.0	3164.0
28.0	3164.0
62.0	3164.0
95.0	3164.0
126.0	3164.0
162.0	3164.0
195.0	3164.0
227.0	3164.0
261.0	3164.0
292.0	3164.0
327.0	3164.0
360.0	3164.0
393.0	3164.0
424.0	3164.0
460.0	3164.0
492.0	3164.0
0.0	3165.0
3.0	3165.0
7.0	3165.0
28.0	3165.0
62.0	3165.0
95.0	3165.0
126.0	3165.0
162.0	3165.0
195.0	3165.0
227.0	3165.0
261.0	3165.0
292.0	3165.0
327.0	3165.0
360.0	3165.0
393.0	3165.0
424.0	3165.0
460.0	3165.0
492.0	3165.0
0.0	3220.0
3.0	3220.0
9.0	3220.0
29.0	3220.0
62.0	3220.0
95.0	3220.0
163.0	3220.0
195.0	3220.0
262.0	3220.0
292.0	3220.0
327.0	3220.0
360.0	3220.0
393.0	3220.0
461.0	3220.0
492.0	3220.0
0.0	3221.0
3.0	3221.0
7.0	3221.0
28.0	3221.0
62.0	3221.0
95.0	3221.0
126.0	3221.0
162.0	3221.0
195.0	3221.0
227.0	3221.0
261.0	3221.0
292.0	3221.0
327.0	3221.0
360.0	3221.0
393.0	3221.0
424.0	3221.0
460.0	3221.0
492.0	3221.0
0.0	3222.0
3.0	3222.0
7.0	3222.0
28.0	3222.0
62.0	3222.0
95.0	3222.0
126.0	3222.0
162.0	3222.0
195.0	3222.0
227.0	3222.0
261.0	3222.0
292.0	3222.0
327.0	3222.0
360.0	3222.0
393.0	3222.0
424.0	3222.0
460.0	3222.0
492.0	3222.0
0.0	3223.0
3.0	3223.0
7.0	3223.0
28.0	3223.0
62.0	3223.0
95.0	3223.0
126.0	3223.0
162.0	3223.0
195.0	3223.0
227.0	3223.0
261.0	3223.0
292.0	3223.0
327.0	3223.0
360.0	3223.0
393.0	3223.0
424.0	3223.0
460.0	3223.0
492.0	3223.0
0.0	3224.0
3.0	3224.0
7.0	3224.0
28.0	3224.0
62.0	3224.0
95.0	3224.0
126.0	3224.0
162.0	3224.0
195.0	3224.0
227.0	3224.0
261.0	3224.0
292.0	3224.0
327.0	3224.0
360.0	3224.0
393.0	3224.0
424.0	3224.0
460.0	3224.0
492.0	3224.0
0.0	3225.0
3.0	3225.0
7.0	3225.0
28.0	3225.0
62.0	3225.0
95.0	3225.0
126.0	3225.0
162.0	3225.0
195.0	3225.0
227.0	3225.0
261.0	3225.0
292.0	3225.0
327.0	3225.0
360.0	3225.0
393.0	3225.0
424.0	3225.0
460.0	3225.0
492.0	3225.0
0.0	3226.0
3.0	3226.0
7.0	3226.0
28.0	3226.0
62.0	3226.0
95.0	3226.0
126.0	3226.0
162.0	3226.0
195.0	3226.0
227.0	3226.0
261.0	3226.0
292.0	3226.0
327.0	3226.0
360.0	3226.0
393.0	3226.0
424.0	3226.0
460.0	3226.0
492.0	3226.0
0.0	3227.0
3.0	3227.0
7.0	3227.0
28.0	3227.0
62.0	3227.0
95.0	3227.0
126.0	3227.0
162.0	3227.0
195.0	3227.0
227.0	3227.0
261.0	3227.0
292.0	3227.0
327.0	3227.0
360.0	3227.0
393.0	3227.0
424.0	3227.0
460.0	3227.0
492.0	3227.0
0.0	3228.0
3.0	3228.0
7.0	3228.0
28.0	3228.0
62.0	3228.0
95.0	3228.0
126.0	3228.0
162.0	3228.0
195.0	3228.0
227.0	3228.0
261.0	3228.0
292.0	3228.0
327.0	3228.0
360.0	3228.0
393.0	3228.0
424.0	3228.0
460.0	3228.0
492.0	3228.0
0.0	3229.0
3.0	3229.0
7.0	3229.0
28.0	3229.0
62.0	3229.0
95.0	3229.0
126.0	3229.0
162.0	3229.0
195.0	3229.0
227.0	3229.0
261.0	3229.0
292.0	3229.0
327.0	3229.0
360.0	3229.0
393.0	3229.0
424.0	3229.0
460.0	3229.0
492.0	3229.0
0.0	3284.0
3.0	3284.0
9.0	3284.0
29.0	3284.0
62.0	3284.0
95.0	3284.0
163.0	3284.0
195.0	3284.0
262.0	3284.0
328.0	3284.0
360.0	3284.0
393.0	3284.0
461.0	3284.0
0.0	3285.0
3.0	3285.0
7.0	3285.0
28.0	3285.0
62.0	3285.0
95.0	3285.0
126.0	3285.0
162.0	3285.0
195.0	3285.0
227.0	3285.0
261.0	3285.0
292.0	3285.0
327.0	3285.0
360.0	3285.0
393.0	3285.0
424.0	3285.0
460.0	3285.0
492.0	3285.0
0.0	3286.0
3.0	3286.0
7.0	3286.0
28.0	3286.0
62.0	3286.0
95.0	3286.0
126.0	3286.0
162.0	3286.0
195.0	3286.0
227.0	3286.0
261.0	3286.0
292.0	3286.0
327.0	3286.0
360.0	3286.0
393.0	3286.0
424.0	3286.0
460.0	3286.0
492.0	3286.0
0.0	3287.0
3.0	3287.0
7.0	3287.0
28.0	3287.0
62.0	3287.0
95.0	3287.0
126.0	3287.0
162.0	3287.0
195.0	3287.0
227.0	3287.0
261.0	3287.0
292.0	3287.0
327.0	3287.0
360.0	3287.0
393.0	3287.0
424.0	3287.0
460.0	3287.0
492.0	3287.0
0.0	3288.0
3.0	3288.0
7.0	3288.0
28.0	3288.0
62.0	3288.0
95.0	3288.0
126.0	3288.0
162.0	3288.0
195.0	3288.0
227.0	3288.0
261.0	3288.0
292.0	3288.0
327.0	3288.0
360.0	3288.0
393.0	3288.0
424.0	3288.0
460.0	3288.0
492.0	3288.0
0.0	3289.0
3.0	3289.0
7.0	3289.0
28.0	3289.0
62.0	3289.0
95.0	3289.0
126.0	3289.0
162.0	3289.0
195.0	3289.0
227.0	3289.0
261.0	3289.0
292.0	3289.0
327.0	3289.0
360.0	3289.0
393.0	3289.0
424.0	3289.0
460.0	3289.0
492.0	3289.0
0.0	3290.0
3.0	3290.0
7.0	3290.0
28.0	3290.0
62.0	3290.0
95.0	3290.0
126.0	3290.0
162.0	3290.0
195.0	3290.0
227.0	3290.0
261.0	3290.0
292.0	3290.0
327.0	3290.0
360.0	3290.0
393.0	3290.0
424.0	3290.0
460.0	3290.0
492.0	3290.0
0.0	3291.0
3.0	3291.0
7.0	3291.0
28.0	3291.0
62.0	3291.0
95.0	3291.0
126.0	3291.0
162.0	3291.0
195.0	3291.0
227.0	3291.0
261.0	3291.0
292.0	3291.0
327.0	3291.0
360.0	3291.0
393.0	3291.0
424.0	3291.0
460.0	3291.0
492.0	3291.0
0.0	3292.0
3.0	3292.0
7.0	3292.0
28.0	3292.0
62.0	3292.0
95.0	3292.0
126.0	3292.0
162.0	3292.0
195.0	3292.0
227.0	3292.0
261.0	3292.0
292.0	3292.0
327.0	3292.0
360.0	3292.0
393.0	3292.0
424.0	3292.0
460.0	3292.0
492.0	3292.0
0.0	3293.0
3.0	3293.0
7.0	3293.0
28.0	3293.0
62.0	3293.0
95.0	3293.0
126.0	3293.0
162.0	3293.0
195.0	3293.0
227.0	3293.0
261.0	3293.0
292.0	3293.0
327.0	3293.0
360.0	3293.0
393.0	3293.0
424.0	3293.0
460.0	3293.0
492.0	3293.0
0.0	3348.0
3.0	3348.0
9.0	3348.0
29.0	3348.0
62.0	3348.0
95.0	3348.0
163.0	3348.0
195.0	3348.0
262.0	3348.0
328.0	3348.0
360.0	3348.0
393.0	3348.0
461.0	3348.0
0.0	3349.0
3.0	3349.0
7.0	3349.0
28.0	3349.0
62.0	3349.0
95.0	3349.0
126.0	3349.0
162.0	3349.0
195.0	3349.0
227.0	3349.0
261.0	3349.0
292.0	3349.0
327.0	3349.0
360.0	3349.0
393.0	3349.0
424.0	3349.0
460.0	3349.0
492.0	3349.0
0.0	3350.0
3.0	3350.0
7.0	3350.0
28.0	3350.0
62.0	3350.0
95.0	3350.0
126.0	3350.0
162.0	3350.0
195.0	3350.0
227.0	3350.0
261.0	3350.0
292.0	3350.0
327.0	3350.0
360.0	3350.0
393.0	3350.0
424.0	3350.0
460.0	3350.0
492.0	3350.0
0.0	3351.0
3.0	3351.0
7.0	3351.0
28.0	3351.0
62.0	3351.0
95.0	3351.0
126.0	3351.0
162.0	3351.0
195.0	3351.0
227.0	3351.0
261.0	3351.0
292.0	3351.0
327.0	3351.0
360.0	3351.0
393.0	3351.0
424.0	3351.0
460.0	3351.0
492.0	3351.0
0.0	3352.0
3.0	3352.0
7.0	3352.0
28.0	3352.0
62.0	3352.0
95.0	3352.0
126.0	3352.0
162.0	3352.0
195.0	3352.0
227.0	3352.0
261.0	3352.0
292.0	3352.0
327.0	3352.0
360.0	3352.0
393.0	3352.0
424.0	3352.0
460.0	3352.0
492.0	3352.0
0.0	3353.0
3.0	3353.0
7.0	3353.0
28.0	3353.0
62.0	3353.0
95.0	3353.0
126.0	3353.0
162.0	3353.0
195.0	3353.0
227.0	3353.0
261.0	3353.0
292.0	3353.0
327.0	3353.0
360.0	3353.0
393.0	3353.0
424.0	3353.0
460.0	3353.0
492.0	3353.0
0.0	3354.0
3.0	3354.0
7.0	3354.0
28.0	3354.0
62.0	3354.0
95.0	3354.0
126.0	3354.0
162.0	3354.0
195.0	3354.0
227.0	3354.0
261.0	3354.0
292.0	3354.0
327.0	3354.0
360.0	3354.0
393.0	3354.0
424.0	3354.0
460.0	3354.0
492.0	3354.0
0.0	3355.0
3.0	3355.0
7.0	3355.0
28.0	3355.0
62.0	3355.0
95.0	3355.0
126.0	3355.0
162.0	3355.0
195.0	3355.0
227.0	3355.0
261.0	3355.0
292.0	3355.0
327.0	3355.0
360.0	3355.0
393.0	3355.0
424.0	3355.0
460.0	3355.0
492.0	3355.0
0.0	3356.0
3.0	3356.0
7.0	3356.0
28.0	3356.0
62.0	3356.0
95.0	3356.0
126.0	3356.0
162.0	3356.0
195.0	3356.0
227.0	3356.0
261.0	3356.0
292.0	3356.0
327.0	3356.0
360.0	3356.0
393.0	3356.0
424.0	3356.0
460.0	3356.0
492.0	3356.0
0.0	3357.0
3.0	3357.0
7.0	3357.0
28.0	3357.0
62.0	3357.0
95.0	3357.0
126.0	3357.0
162.0	3357.0
195.0	3357.0
227.0	3357.0
261.0	3357.0
292.0	3357.0
327.0	3357.0
360.0	3357.0
393.0	3357.0
424.0	3357.0
460.0	3357.0
492.0	3357.0
0.0	3412.0
3.0	3412.0
9.0	3412.0
29.0	3412.0
62.0	3412.0
95.0	3412.0
163.0	3412.0
195.0	3412.0
328.0	3412.0
360.0	3412.0
393.0	3412.0
461.0	3412.0
0.0	3413.0
3.0	3413.0
7.0	3413.0
28.0	3413.0
62.0	3413.0
95.0	3413.0
126.0	3413.0
162.0	3413.0
195.0	3413.0
227.0	3413.0
261.0	3413.0
292.0	3413.0
327.0	3413.0
360.0	3413.0
393.0	3413.0
424.0	3413.0
460.0	3413.0
492.0	3413.0
0.0	3414.0
3.0	3414.0
7.0	3414.0
28.0	3414.0
62.0	3414.0
95.0	3414.0
126.0	3414.0
162.0	3414.0
195.0	3414.0
227.0	3414.0
261.0	3414.0
292.0	3414.0
327.0	3414.0
360.0	3414.0
393.0	3414.0
424.0	3414.0
460.0	3414.0
492.0	3414.0
0.0	3415.0
3.0	3415.0
7.0	3415.0
28.0	3415.0
62.0	3415.0
95.0	3415.0
126.0	3415.0
162.0	3415.0
195.0	3415.0
227.0	3415.0
261.0	3415.0
292.0	3415.0
327.0	3415.0
360.0	3415.0
393.0	3415.0
424.0	3415.0
460.0	3415.0
492.0	3415.0
0.0	3416.0
3.0	3416.0
7.0	3416.0
28.0	3416.0
62.0	3416.0
95.0	3416.0
126.0	3416.0
162.0	3416.0
195.0	3416.0
227.0	3416.0
261.0	3416.0
292.0	3416.0
327.0	3416.0
360.0	3416.0
393.0	3416.0
424.0	3416.0
460.0	3416.0
492.0	3416.0
0.0	3417.0
3.0	3417.0
7.0	3417.0
28.0	3417.0
62.0	3417.0
95.0	3417.0
126.0	3417.0
162.0	3417.0
195.0	3417.0
227.0	3417.0
261.0	3417.0
292.0	3417.0
327.0	3417.0
360.0	3417.0
393.0	3417.0
424.0	3417.0
460.0	3417.0
492.0	3417.0
0.0	3418.0
3.0	3418.0
7.0	3418.0
28.0	3418.0
62.0	3418.0
95.0	3418.0
126.0	3418.0
162.0	3418.0
195.0	3418.0
227.0	3418.0
261.0	3418.0
292.0	3418.0
327.0	3418.0
360.0	3418.0
393.0	3418.0
424.0	3418.0
460.0	3418.0
492.0	3418.0
0.0	3419.0
3.0	3419.0
7.0	3419.0
28.0	3419.0
62.0	3419.0
95.0	3419.0
126.0	3419.0
162.0	3419.0
195.0	3419.0
227.0	3419.0
261.0	3419.0
292.0	3419.0
327.0	3419.0
360.0	3419.0
393.0	3419.0
424.0	3419.0
460.0	3419.0
492.0	3419.0
0.0	3420.0
3.0	3420.0
7.0	3420.0
28.0	3420.0
62.0	3420.0
95.0	3420.0
126.0	3420.0
162.0	3420.0
195.0	3420.0
227.0	3420.0
261.0	3420.0
292.0	3420.0
327.0	3420.0
360.0	3420.0
393.0	3420.0
424.0	3420.0
460.0	3420.0
492.0	3420.0
0.0	3421.0
3.0	3421.0
7.0	3421.0
28.0	3421.0
62.0	3421.0
95.0	3421.0
126.0	3421.0
162.0	3421.0
195.0	3421.0
227.0	3421.0
261.0	3421.0
292.0	3421.0
327.0	3421.0
360.0	3421.0
393.0	3421.0
424.0	3421.0
460.0	3421.0
492.0	3421.0
0.0	3476.0
3.0	3476.0
9.0	3476.0
29.0	3476.0
96.0	3476.0
163.0	3476.0
195.0	3476.0
328.0	3476.0
360.0	3476.0
393.0	3476.0
461.0	3476.0
0.0	3477.0
3.0	3477.0
7.0	3477.0
28.0	3477.0
62.0	3477.0
95.0	3477.0
126.0	3477.0
162.0	3477.0
195.0	3477.0
227.0	3477.0
261.0	3477.0
292.0	3477.0
327.0	3477.0
360.0	3477.0
393.0	3477.0
424.0	3477.0
460.0	3477.0
492.0	3477.0
0.0	3478.0
3.0	3478.0
7.0	3478.0
28.0	3478.0
62.0	3478.0
95.0	3478.0
126.0	3478.0
162.0	3478.0
195.0	3478.0
227.0	3478.0
261.0	3478.0
292.0	3478.0
327.0	3478.0
360.0	3478.0
393.0	3478.0
424.0	3478.0
460.0	3478.0
492.0	3478.0
0.0	3479.0
3.0	3479.0
7.0	3479.0
28.0	3479.0
62.0	3479.0
95.0	3479.0
126.0	3479.0
162.0	3479.0
195.0	3479.0
227.0	3479.0
261.0	3479.0
292.0	3479.0
327.0	3479.0
360.0	3479.0
393.0	3479.0
424.0	3479.0
460.0	3479.0
492.0	3479.0
0.0	3480.0
3.0	3480.0
7.0	3480.0
28.0	3480.0
62.0	3480.0
95.0	3480.0
126.0	3480.0
162.0	3480.0
195.0	3480.0
227.0	3480.0
261.0	3480.0
292.0	3480.0
327.0	3480.0
360.0	3480.0
393.0	3480.0
424.0	3480.0
460.0	3480.0
492.0	3480.0
0.0	3481.0
3.0	3481.0
7.0	3481.0
28.0	3481.0
62.0	3481.0
95.0	3481.0
126.0	3481.0
162.0	3481.0
195.0	3481.0
227.0	3481.0
261.0	3481.0
292.0	3481.0
327.0	3481.0
360.0	3481.0
393.0	3481.0
424.0	3481.0
460.0	3481.0
492.0	3481.0
0.0	3482.0
3.0	3482.0
7.0	3482.0
28.0	3482.0
62.0	3482.0
95.0	3482.0
126.0	3482.0
162.0	3482.0
195.0	3482.0
227.0	3482.0
261.0	3482.0
292.0	3482.0
327.0	3482.0
360.0	3482.0
393.0	3482.0
424.0	3482.0
460.0	3482.0
492.0	3482.0
0.0	3483.0
3.0	3483.0
7.0	3483.0
28.0	3483.0
62.0	3483.0
95.0	3483.0
126.0	3483.0
162.0	3483.0
195.0	3483.0
227.0	3483.0
261.0	3483.0
292.0	3483.0
327.0	3483.0
360.0	3483.0
393.0	3483.0
424.0	3483.0
460.0	3483.0
492.0	3483.0
0.0	3484.0
3.0	3484.0
7.0	3484.0
28.0	3484.0
62.0	3484.0
95.0	3484.0
126.0	3484.0
162.0	3484.0
195.0	3484.0
227.0	3484.0
261.0	3484.0
292.0	3484.0
327.0	3484.0
360.0	3484.0
393.0	3484.0
424.0	3484.0
460.0	3484.0
492.0	3484.0
0.0	3485.0
3.0	3485.0
7.0	3485.0
28.0	3485.0
62.0	3485.0
95.0	3485.0
126.0	3485.0
162.0	3485.0
195.0	3485.0
227.0	3485.0
261.0	3485.0
292.0	3485.0
327.0	3485.0
360.0	3485.0
393.0	3485.0
424.0	3485.0
460.0	3485.0
492.0	3485.0
0.0	3540.0
3.0	3540.0
9.0	3540.0
96.0	3540.0
163.0	3540.0
195.0	3540.0
328.0	3540.0
360.0	3540.0
393.0	3540.0
461.0	3540.0
0.0	3541.0
3.0	3541.0
7.0	3541.0
28.0	3541.0
62.0	3541.0
95.0	3541.0
126.0	3541.0
162.0	3541.0
195.0	3541.0
227.0	3541.0
261.0	3541.0
292.0	3541.0
327.0	3541.0
360.0	3541.0
393.0	3541.0
424.0	3541.0
460.0	3541.0
492.0	3541.0
0.0	3542.0
3.0	3542.0
7.0	3542.0
28.0	3542.0
62.0	3542.0
95.0	3542.0
126.0	3542.0
162.0	3542.0
195.0	3542.0
227.0	3542.0
261.0	3542.0
292.0	3542.0
327.0	3542.0
360.0	3542.0
393.0	3542.0
424.0	3542.0
460.0	3542.0
492.0	3542.0
0.0	3543.0
3.0	3543.0
7.0	3543.0
28.0	3543.0
62.0	3543.0
95.0	3543.0
126.0	3543.0
162.0	3543.0
195.0	3543.0
227.0	3543.0
261.0	3543.0
292.0	3543.0
327.0	3543.0
360.0	3543.0
393.0	3543.0
424.0	3543.0
460.0	3543.0
492.0	3543.0
0.0	3544.0
3.0	3544.0
7.0	3544.0
28.0	3544.0
62.0	3544.0
95.0	3544.0
126.0	3544.0
162.0	3544.0
195.0	3544.0
227.0	3544.0
261.0	3544.0
292.0	3544.0
327.0	3544.0
360.0	3544.0
393.0	3544.0
424.0	3544.0
460.0	3544.0
492.0	3544.0
0.0	3545.0
3.0	3545.0
7.0	3545.0
28.0	3545.0
62.0	3545.0
95.0	3545.0
126.0	3545.0
162.0	3545.0
195.0	3545.0
227.0	3545.0
261.0	3545.0
292.0	3545.0
327.0	3545.0
360.0	3545.0
393.0	3545.0
424.0	3545.0
460.0	3545.0
492.0	3545.0
0.0	3546.0
3.0	3546.0
7.0	3546.0
28.0	3546.0
62.0	3546.0
95.0	3546.0
126.0	3546.0
162.0	3546.0
195.0	3546.0
227.0	3546.0
261.0	3546.0
292.0	3546.0
327.0	3546.0
360.0	3546.0
393.0	3546.0
424.0	3546.0
460.0	3546.0
492.0	3546.0
0.0	3547.0
3.0	3547.0
7.0	3547.0
28.0	3547.0
62.0	3547.0
95.0	3547.0
126.0	3547.0
162.0	3547.0
195.0	3547.0
227.0	3547.0
261.0	3547.0
292.0	3547.0
327.0	3547.0
360.0	3547.0
393.0	3547.0
424.0	3547.0
460.0	3547.0
492.0	3547.0
0.0	3548.0
3.0	3548.0
7.0	3548.0
28.0	3548.0
62.0	3548.0
95.0	3548.0
126.0	3548.0
162.0	3548.0
195.0	3548.0
227.0	3548.0
261.0	3548.0
292.0	3548.0
327.0	3548.0
360.0	3548.0
393.0	3548.0
424.0	3548.0
460.0	3548.0
492.0	3548.0
0.0	3549.0
3.0	3549.0
7.0	3549.0
28.0	3549.0
62.0	3549.0
95.0	3549.0
126.0	3549.0
162.0	3549.0
195.0	3549.0
227.0	3549.0
261.0	3549.0
292.0	3549.0
327.0	3549.0
360.0	3549.0
393.0	3549.0
424.0	3549.0
460.0	3549.0
492.0	3549.0
0.0	3604.0
3.0	3604.0
9.0	3604.0
96.0	3604.0
163.0	3604.0
195.0	3604.0
328.0	3604.0
360.0	3604.0
393.0	3604.0
461.0	3604.0
0.0	3605.0
3.0	3605.0
7.0	3605.0
28.0	3605.0
62.0	3605.0
95.0	3605.0
126.0	3605.0
162.0	3605.0
195.0	3605.0
227.0	3605.0
261.0	3605.0
292.0	3605.0
327.0	3605.0
360.0	3605.0
393.0	3605.0
424.0	3605.0
460.0	3605.0
492.0	3605.0
0.0	3606.0
3.0	3606.0
7.0	3606.0
28.0	3606.0
62.0	3606.0
95.0	3606.0
126.0	3606.0
162.0	3606.0
195.0	3606.0
227.0	3606.0
261.0	3606.0
292.0	3606.0
327.0	3606.0
360.0	3606.0
393.0	3606.0
424.0	3606.0
460.0	3606.0
492.0	3606.0
0.0	3607.0
3.0	3607.0
7.0	3607.0
28.0	3607.0
62.0	3607.0
95.0	3607.0
126.0	3607.0
162.0	3607.0
195.0	3607.0
227.0	3607.0
261.0	3607.0
292.0	3607.0
327.0	3607.0
360.0	3607.0
393.0	3607.0
424.0	3607.0
460.0	3607.0
492.0	3607.0
0.0	3608.0
3.0	3608.0
7.0	3608.0
28.0	3608.0
62.0	3608.0
95.0	3608.0
126.0	3608.0
162.0	3608.0
195.0	3608.0
227.0	3608.0
261.0	3608.0
292.0	3608.0
327.0	3608.0
360.0	3608.0
393.0	3608.0
424.0	3608.0
460.0	3608.0
492.0	3608.0
0.0	3609.0
3.0	3609.0
7.0	3609.0
28.0	3609.0
62.0	3609.0
95.0	3609.0
126.0	3609.0
162.0	3609.0
195.0	3609.0
227.0	3609.0
261.0	3609.0
292.0	3609.0
327.0	3609.0
360.0	3609.0
393.0	3609.0
424.0	3609.0
460.0	3609.0
492.0	3609.0
0.0	3610.0
3.0	3610.0
7.0	3610.0
28.0	3610.0
62.0	3610.0
95.0	3610.0
126.0	3610.0
162.0	3610.0
195.0	3610.0
227.0	3610.0
261.0	3610.0
292.0	3610.0
327.0	3610.0
360.0	3610.0
393.0	3610.0
424.0	3610.0
460.0	3610.0
492.0	3610.0
0.0	3611.0
3.0	3611.0
7.0	3611.0
28.0	3611.0
62.0	3611.0
95.0	3611.0
126.0	3611.0
162.0	3611.0
195.0	3611.0
227.0	3611.0
261.0	3611.0
292.0	3611.0
327.0	3611.0
360.0	3611.0
393.0	3611.0
424.0	3611.0
460.0	3611.0
492.0	3611.0
0.0	3612.0
3.0	3612.0
7.0	3612.0
28.0	3612.0
62.0	3612.0
95.0	3612.0
126.0	3612.0
162.0	3612.0
195.0	3612.0
227.0	3612.0
261.0	3612.0
292.0	3612.0
327.0	3612.0
360.0	3612.0
393.0	3612.0
424.0	3612.0
460.0	3612.0
492.0	3612.0
0.0	3613.0
3.0	3613.0
7.0	3613.0
28.0	3613.0
62.0	3613.0
95.0	3613.0
126.0	3613.0
162.0	3613.0
195.0	3613.0
227.0	3613.0
261.0	3613.0
292.0	3613.0
327.0	3613.0
360.0	3613.0
393.0	3613.0
424.0	3613.0
460.0	3613.0
492.0	3613.0
0.0	3668.0
3.0	3668.0
9.0	3668.0
163.0	3668.0
195.0	3668.0
328.0	3668.0
360.0	3668.0
393.0	3668.0
461.0	3668.0
0.0	3669.0
3.0	3669.0
7.0	3669.0
28.0	3669.0
62.0	3669.0
95.0	3669.0
126.0	3669.0
162.0	3669.0
195.0	3669.0
227.0	3669.0
261.0	3669.0
292.0	3669.0
327.0	3669.0
360.0	3669.0
393.0	3669.0
424.0	3669.0
460.0	3669.0
492.0	3669.0
0.0	3670.0
3.0	3670.0
7.0	3670.0
28.0	3670.0
62.0	3670.0
95.0	3670.0
126.0	3670.0
162.0	3670.0
195.0	3670.0
227.0	3670.0
261.0	3670.0
292.0	3670.0
327.0	3670.0
360.0	3670.0
393.0	3670.0
424.0	3670.0
460.0	3670.0
492.0	3670.0
0.0	3671.0
3.0	3671.0
7.0	3671.0
28.0	3671.0
62.0	3671.0
95.0	3671.0
126.0	3671.0
162.0	3671.0
195.0	3671.0
227.0	3671.0
261.0	3671.0
292.0	3671.0
327.0	3671.0
360.0	3671.0
393.0	3671.0
424.0	3671.0
460.0	3671.0
492.0	3671.0
0.0	3672.0
3.0	3672.0
7.0	3672.0
28.0	3672.0
62.0	3672.0
95.0	3672.0
126.0	3672.0
162.0	3672.0
195.0	3672.0
227.0	3672.0
261.0	3672.0
292.0	3672.0
327.0	3672.0
360.0	3672.0
393.0	3672.0
424.0	3672.0
460.0	3672.0
492.0	3672.0
0.0	3673.0
3.0	3673.0
7.0	3673.0
28.0	3673.0
62.0	3673.0
95.0	3673.0
126.0	3673.0
162.0	3673.0
195.0	3673.0
227.0	3673.0
261.0	3673.0
292.0	3673.0
327.0	3673.0
360.0	3673.0
393.0	3673.0
424.0	3673.0
460.0	3673.0
492.0	3673.0
0.0	3674.0
3.0	3674.0
7.0	3674.0
28.0	3674.0
62.0	3674.0
95.0	3674.0
126.0	3674.0
162.0	3674.0
195.0	3674.0
227.0	3674.0
261.0	3674.0
292.0	3674.0
327.0	3674.0
360.0	3674.0
393.0	3674.0
424.0	3674.0
460.0	3674.0
492.0	3674.0
0.0	3675.0
3.0	3675.0
7.0	3675.0
28.0	3675.0
62.0	3675.0
95.0	3675.0
126.0	3675.0
162.0	3675.0
195.0	3675.0
227.0	3675.0
261.0	3675.0
292.0	3675.0
327.0	3675.0
360.0	3675.0
393.0	3675.0
424.0	3675.0
460.0	3675.0
492.0	3675.0
0.0	3676.0
3.0	3676.0
7.0	3676.0
28.0	3676.0
62.0	3676.0
95.0	3676.0
126.0	3676.0
162.0	3676.0
195.0	3676.0
227.0	3676.0
261.0	3676.0
292.0	3676.0
327.0	3676.0
360.0	3676.0
393.0	3676.0
424.0	3676.0
460.0	3676.0
492.0	3676.0
0.0	3677.0
3.0	3677.0
7.0	3677.0
28.0	3677.0
62.0	3677.0
95.0	3677.0
126.0	3677.0
162.0	3677.0
195.0	3677.0
227.0	3677.0
261.0	3677.0
292.0	3677.0
327.0	3677.0
360.0	3677.0
393.0	3677.0
424.0	3677.0
460.0	3677.0
492.0	3677.0
1.0	3736.0
196.0	3736.0
0.0	3737.0
3.0	3737.0
7.0	3737.0
28.0	3737.0
163.0	3737.0
195.0	3737.0
262.0	3737.0
292.0	3737.0
327.0	3737.0
360.0	3737.0
393.0	3737.0
424.0	3737.0
460.0	3737.0
492.0	3737.0
0.0	3738.0
3.0	3738.0
7.0	3738.0
28.0	3738.0
62.0	3738.0
95.0	3738.0
126.0	3738.0
162.0	3738.0
195.0	3738.0
227.0	3738.0
261.0	3738.0
292.0	3738.0
327.0	3738.0
360.0	3738.0
393.0	3738.0
424.0	3738.0
460.0	3738.0
492.0	3738.0
0.0	3739.0
3.0	3739.0
7.0	3739.0
28.0	3739.0
62.0	3739.0
95.0	3739.0
126.0	3739.0
162.0	3739.0
195.0	3739.0
227.0	3739.0
261.0	3739.0
292.0	3739.0
327.0	3739.0
360.0	3739.0
393.0	3739.0
424.0	3739.0
460.0	3739.0
492.0	3739.0
0.0	3740.0
3.0	3740.0
7.0	3740.0
28.0	3740.0
96.0	3740.0
163.0	3740.0
195.0	3740.0
262.0	3740.0
292.0	3740.0
327.0	3740.0
360.0	3740.0
393.0	3740.0
424.0	3740.0
460.0	3740.0
492.0	3740.0
96.0	3741.0
