# first_id = 0
# n = 4096
# dimensions = [4096]
# last_id = 4095
# runtime = 500
1.0	2508.0
175.0	2508.0
0.0	2509.0
3.0	2509.0
7.0	2509.0
11.0	2509.0
40.0	2509.0
74.0	2509.0
106.0	2509.0
142.0	2509.0
174.0	2509.0
206.0	2509.0
240.0	2509.0
272.0	2509.0
339.0	2509.0
371.0	2509.0
405.0	2509.0
438.0	2509.0
471.0	2509.0
0.0	2510.0
3.0	2510.0
7.0	2510.0
11.0	2510.0
40.0	2510.0
74.0	2510.0
106.0	2510.0
142.0	2510.0
174.0	2510.0
206.0	2510.0
240.0	2510.0
272.0	2510.0
339.0	2510.0
371.0	2510.0
405.0	2510.0
438.0	2510.0
471.0	2510.0
0.0	2511.0
3.0	2511.0
7.0	2511.0
11.0	2511.0
40.0	2511.0
74.0	2511.0
106.0	2511.0
142.0	2511.0
174.0	2511.0
206.0	2511.0
240.0	2511.0
272.0	2511.0
339.0	2511.0
371.0	2511.0
405.0	2511.0
438.0	2511.0
471.0	2511.0
0.0	2512.0
3.0	2512.0
7.0	2512.0
11.0	2512.0
40.0	2512.0
74.0	2512.0
106.0	2512.0
142.0	2512.0
174.0	2512.0
206.0	2512.0
240.0	2512.0
272.0	2512.0
339.0	2512.0
371.0	2512.0
405.0	2512.0
438.0	2512.0
471.0	2512.0
0.0	2513.0
3.0	2513.0
7.0	2513.0
11.0	2513.0
40.0	2513.0
74.0	2513.0
106.0	2513.0
142.0	2513.0
174.0	2513.0
206.0	2513.0
240.0	2513.0
272.0	2513.0
305.0	2513.0
338.0	2513.0
371.0	2513.0
405.0	2513.0
438.0	2513.0
471.0	2513.0
0.0	2514.0
3.0	2514.0
7.0	2514.0
11.0	2514.0
40.0	2514.0
74.0	2514.0
106.0	2514.0
142.0	2514.0
174.0	2514.0
206.0	2514.0
240.0	2514.0
272.0	2514.0
305.0	2514.0
338.0	2514.0
371.0	2514.0
405.0	2514.0
438.0	2514.0
471.0	2514.0
0.0	2515.0
3.0	2515.0
7.0	2515.0
11.0	2515.0
40.0	2515.0
74.0	2515.0
106.0	2515.0
142.0	2515.0
174.0	2515.0
206.0	2515.0
240.0	2515.0
272.0	2515.0
305.0	2515.0
338.0	2515.0
371.0	2515.0
405.0	2515.0
438.0	2515.0
471.0	2515.0
0.0	2516.0
3.0	2516.0
7.0	2516.0
11.0	2516.0
40.0	2516.0
74.0	2516.0
106.0	2516.0
142.0	2516.0
174.0	2516.0
206.0	2516.0
240.0	2516.0
272.0	2516.0
305.0	2516.0
338.0	2516.0
371.0	2516.0
405.0	2516.0
438.0	2516.0
471.0	2516.0
0.0	2517.0
3.0	2517.0
7.0	2517.0
175.0	2517.0
339.0	2517.0
472.0	2517.0
0.0	2572.0
3.0	2572.0
7.0	2572.0
40.0	2572.0
107.0	2572.0
142.0	2572.0
174.0	2572.0
206.0	2572.0
240.0	2572.0
272.0	2572.0
339.0	2572.0
371.0	2572.0
439.0	2572.0
471.0	2572.0
0.0	2573.0
3.0	2573.0
7.0	2573.0
11.0	2573.0
40.0	2573.0
74.0	2573.0
106.0	2573.0
142.0	2573.0
174.0	2573.0
206.0	2573.0
240.0	2573.0
272.0	2573.0
339.0	2573.0
371.0	2573.0
405.0	2573.0
438.0	2573.0
471.0	2573.0
0.0	2574.0
3.0	2574.0
7.0	2574.0
11.0	2574.0
40.0	2574.0
74.0	2574.0
106.0	2574.0
142.0	2574.0
174.0	2574.0
206.0	2574.0
240.0	2574.0
272.0	2574.0
339.0	2574.0
371.0	2574.0
405.0	2574.0
438.0	2574.0
471.0	2574.0
0.0	2575.0
3.0	2575.0
7.0	2575.0
11.0	2575.0
40.0	2575.0
74.0	2575.0
106.0	2575.0
142.0	2575.0
174.0	2575.0
206.0	2575.0
240.0	2575.0
272.0	2575.0
339.0	2575.0
371.0	2575.0
405.0	2575.0
438.0	2575.0
471.0	2575.0
0.0	2576.0
3.0	2576.0
7.0	2576.0
11.0	2576.0
40.0	2576.0
74.0	2576.0
106.0	2576.0
142.0	2576.0
174.0	2576.0
206.0	2576.0
240.0	2576.0
272.0	2576.0
339.0	2576.0
371.0	2576.0
405.0	2576.0
438.0	2576.0
471.0	2576.0
0.0	2577.0
3.0	2577.0
7.0	2577.0
11.0	2577.0
40.0	2577.0
74.0	2577.0
106.0	2577.0
142.0	2577.0
174.0	2577.0
206.0	2577.0
240.0	2577.0
272.0	2577.0
305.0	2577.0
338.0	2577.0
371.0	2577.0
405.0	2577.0
438.0	2577.0
471.0	2577.0
0.0	2578.0
3.0	2578.0
7.0	2578.0
11.0	2578.0
40.0	2578.0
74.0	2578.0
106.0	2578.0
142.0	2578.0
174.0	2578.0
206.0	2578.0
240.0	2578.0
272.0	2578.0
305.0	2578.0
338.0	2578.0
371.0	2578.0
405.0	2578.0
438.0	2578.0
471.0	2578.0
0.0	2579.0
3.0	2579.0
7.0	2579.0
11.0	2579.0
40.0	2579.0
74.0	2579.0
106.0	2579.0
142.0	2579.0
174.0	2579.0
206.0	2579.0
240.0	2579.0
272.0	2579.0
305.0	2579.0
338.0	2579.0
371.0	2579.0
405.0	2579.0
438.0	2579.0
471.0	2579.0
0.0	2580.0
3.0	2580.0
7.0	2580.0
11.0	2580.0
40.0	2580.0
74.0	2580.0
106.0	2580.0
142.0	2580.0
174.0	2580.0
206.0	2580.0
240.0	2580.0
272.0	2580.0
305.0	2580.0
338.0	2580.0
371.0	2580.0
405.0	2580.0
438.0	2580.0
471.0	2580.0
0.0	2581.0
3.0	2581.0
7.0	2581.0
11.0	2581.0
40.0	2581.0
74.0	2581.0
106.0	2581.0
142.0	2581.0
174.0	2581.0
206.0	2581.0
240.0	2581.0
272.0	2581.0
305.0	2581.0
338.0	2581.0
371.0	2581.0
405.0	2581.0
438.0	2581.0
471.0	2581.0
0.0	2582.0
3.0	2582.0
7.0	2582.0
11.0	2582.0
40.0	2582.0
74.0	2582.0
106.0	2582.0
142.0	2582.0
174.0	2582.0
206.0	2582.0
240.0	2582.0
272.0	2582.0
305.0	2582.0
338.0	2582.0
371.0	2582.0
405.0	2582.0
438.0	2582.0
471.0	2582.0
0.0	2583.0
3.0	2583.0
7.0	2583.0
11.0	2583.0
40.0	2583.0
74.0	2583.0
106.0	2583.0
142.0	2583.0
174.0	2583.0
206.0	2583.0
240.0	2583.0
272.0	2583.0
305.0	2583.0
338.0	2583.0
371.0	2583.0
405.0	2583.0
438.0	2583.0
471.0	2583.0
0.0	2584.0
3.0	2584.0
7.0	2584.0
11.0	2584.0
40.0	2584.0
74.0	2584.0
106.0	2584.0
142.0	2584.0
174.0	2584.0
206.0	2584.0
240.0	2584.0
272.0	2584.0
305.0	2584.0
338.0	2584.0
371.0	2584.0
405.0	2584.0
438.0	2584.0
471.0	2584.0
0.0	2585.0
3.0	2585.0
7.0	2585.0
11.0	2585.0
40.0	2585.0
74.0	2585.0
106.0	2585.0
142.0	2585.0
174.0	2585.0
206.0	2585.0
240.0	2585.0
272.0	2585.0
305.0	2585.0
338.0	2585.0
371.0	2585.0
405.0	2585.0
438.0	2585.0
471.0	2585.0
0.0	2586.0
3.0	2586.0
7.0	2586.0
11.0	2586.0
40.0	2586.0
74.0	2586.0
106.0	2586.0
142.0	2586.0
174.0	2586.0
206.0	2586.0
240.0	2586.0
272.0	2586.0
305.0	2586.0
338.0	2586.0
371.0	2586.0
405.0	2586.0
438.0	2586.0
471.0	2586.0
0.0	2587.0
3.0	2587.0
7.0	2587.0
11.0	2587.0
40.0	2587.0
74.0	2587.0
106.0	2587.0
142.0	2587.0
174.0	2587.0
206.0	2587.0
240.0	2587.0
272.0	2587.0
305.0	2587.0
338.0	2587.0
371.0	2587.0
405.0	2587.0
438.0	2587.0
471.0	2587.0
0.0	2588.0
3.0	2588.0
7.0	2588.0
11.0	2588.0
40.0	2588.0
74.0	2588.0
106.0	2588.0
142.0	2588.0
174.0	2588.0
206.0	2588.0
240.0	2588.0
272.0	2588.0
305.0	2588.0
338.0	2588.0
371.0	2588.0
405.0	2588.0
438.0	2588.0
471.0	2588.0
0.0	2589.0
3.0	2589.0
7.0	2589.0
11.0	2589.0
40.0	2589.0
74.0	2589.0
106.0	2589.0
142.0	2589.0
174.0	2589.0
206.0	2589.0
240.0	2589.0
272.0	2589.0
305.0	2589.0
338.0	2589.0
371.0	2589.0
405.0	2589.0
438.0	2589.0
471.0	2589.0
0.0	2590.0
3.0	2590.0
7.0	2590.0
11.0	2590.0
40.0	2590.0
74.0	2590.0
106.0	2590.0
142.0	2590.0
174.0	2590.0
206.0	2590.0
240.0	2590.0
272.0	2590.0
305.0	2590.0
338.0	2590.0
371.0	2590.0
405.0	2590.0
438.0	2590.0
471.0	2590.0
0.0	2591.0
3.0	2591.0
7.0	2591.0
11.0	2591.0
40.0	2591.0
74.0	2591.0
106.0	2591.0
142.0	2591.0
174.0	2591.0
206.0	2591.0
240.0	2591.0
272.0	2591.0
305.0	2591.0
338.0	2591.0
371.0	2591.0
405.0	2591.0
438.0	2591.0
471.0	2591.0
0.0	2592.0
3.0	2592.0
7.0	2592.0
11.0	2592.0
40.0	2592.0
74.0	2592.0
106.0	2592.0
142.0	2592.0
174.0	2592.0
206.0	2592.0
240.0	2592.0
272.0	2592.0
305.0	2592.0
338.0	2592.0
371.0	2592.0
405.0	2592.0
438.0	2592.0
471.0	2592.0
1.0	2593.0
472.0	2593.0
0.0	2636.0
3.0	2636.0
9.0	2636.0
41.0	2636.0
107.0	2636.0
142.0	2636.0
174.0	2636.0
241.0	2636.0
272.0	2636.0
339.0	2636.0
371.0	2636.0
439.0	2636.0
471.0	2636.0
0.0	2637.0
3.0	2637.0
7.0	2637.0
11.0	2637.0
40.0	2637.0
74.0	2637.0
106.0	2637.0
142.0	2637.0
174.0	2637.0
206.0	2637.0
240.0	2637.0
272.0	2637.0
339.0	2637.0
371.0	2637.0
405.0	2637.0
438.0	2637.0
471.0	2637.0
0.0	2638.0
3.0	2638.0
7.0	2638.0
11.0	2638.0
40.0	2638.0
74.0	2638.0
106.0	2638.0
142.0	2638.0
174.0	2638.0
206.0	2638.0
240.0	2638.0
272.0	2638.0
339.0	2638.0
371.0	2638.0
405.0	2638.0
438.0	2638.0
471.0	2638.0
0.0	2639.0
3.0	2639.0
7.0	2639.0
11.0	2639.0
40.0	2639.0
74.0	2639.0
106.0	2639.0
142.0	2639.0
174.0	2639.0
206.0	2639.0
240.0	2639.0
272.0	2639.0
339.0	2639.0
371.0	2639.0
405.0	2639.0
438.0	2639.0
471.0	2639.0
0.0	2640.0
3.0	2640.0
7.0	2640.0
11.0	2640.0
40.0	2640.0
74.0	2640.0
106.0	2640.0
142.0	2640.0
174.0	2640.0
206.0	2640.0
240.0	2640.0
272.0	2640.0
339.0	2640.0
371.0	2640.0
405.0	2640.0
438.0	2640.0
471.0	2640.0
0.0	2641.0
3.0	2641.0
7.0	2641.0
11.0	2641.0
40.0	2641.0
74.0	2641.0
106.0	2641.0
142.0	2641.0
174.0	2641.0
206.0	2641.0
240.0	2641.0
272.0	2641.0
338.0	2641.0
342.0	2641.0
371.0	2641.0
405.0	2641.0
438.0	2641.0
471.0	2641.0
0.0	2642.0
3.0	2642.0
7.0	2642.0
11.0	2642.0
40.0	2642.0
74.0	2642.0
106.0	2642.0
142.0	2642.0
174.0	2642.0
206.0	2642.0
240.0	2642.0
272.0	2642.0
305.0	2642.0
338.0	2642.0
371.0	2642.0
405.0	2642.0
438.0	2642.0
471.0	2642.0
0.0	2643.0
3.0	2643.0
7.0	2643.0
11.0	2643.0
40.0	2643.0
74.0	2643.0
106.0	2643.0
142.0	2643.0
174.0	2643.0
206.0	2643.0
240.0	2643.0
272.0	2643.0
305.0	2643.0
338.0	2643.0
371.0	2643.0
405.0	2643.0
438.0	2643.0
471.0	2643.0
0.0	2644.0
3.0	2644.0
7.0	2644.0
11.0	2644.0
40.0	2644.0
74.0	2644.0
106.0	2644.0
142.0	2644.0
174.0	2644.0
206.0	2644.0
240.0	2644.0
272.0	2644.0
305.0	2644.0
338.0	2644.0
371.0	2644.0
405.0	2644.0
438.0	2644.0
471.0	2644.0
0.0	2645.0
3.0	2645.0
7.0	2645.0
11.0	2645.0
40.0	2645.0
74.0	2645.0
106.0	2645.0
142.0	2645.0
174.0	2645.0
206.0	2645.0
240.0	2645.0
272.0	2645.0
305.0	2645.0
338.0	2645.0
371.0	2645.0
405.0	2645.0
438.0	2645.0
471.0	2645.0
0.0	2646.0
3.0	2646.0
7.0	2646.0
11.0	2646.0
40.0	2646.0
74.0	2646.0
106.0	2646.0
142.0	2646.0
174.0	2646.0
206.0	2646.0
240.0	2646.0
272.0	2646.0
305.0	2646.0
338.0	2646.0
371.0	2646.0
405.0	2646.0
438.0	2646.0
471.0	2646.0
0.0	2647.0
3.0	2647.0
7.0	2647.0
11.0	2647.0
40.0	2647.0
74.0	2647.0
106.0	2647.0
142.0	2647.0
174.0	2647.0
206.0	2647.0
240.0	2647.0
272.0	2647.0
305.0	2647.0
338.0	2647.0
371.0	2647.0
405.0	2647.0
438.0	2647.0
471.0	2647.0
0.0	2648.0
3.0	2648.0
7.0	2648.0
11.0	2648.0
40.0	2648.0
74.0	2648.0
106.0	2648.0
142.0	2648.0
174.0	2648.0
206.0	2648.0
240.0	2648.0
272.0	2648.0
305.0	2648.0
338.0	2648.0
371.0	2648.0
405.0	2648.0
438.0	2648.0
471.0	2648.0
0.0	2649.0
3.0	2649.0
7.0	2649.0
11.0	2649.0
40.0	2649.0
74.0	2649.0
106.0	2649.0
142.0	2649.0
174.0	2649.0
206.0	2649.0
240.0	2649.0
272.0	2649.0
305.0	2649.0
338.0	2649.0
371.0	2649.0
405.0	2649.0
438.0	2649.0
471.0	2649.0
0.0	2650.0
3.0	2650.0
7.0	2650.0
11.0	2650.0
40.0	2650.0
74.0	2650.0
106.0	2650.0
142.0	2650.0
174.0	2650.0
206.0	2650.0
240.0	2650.0
272.0	2650.0
305.0	2650.0
338.0	2650.0
371.0	2650.0
405.0	2650.0
438.0	2650.0
471.0	2650.0
0.0	2651.0
3.0	2651.0
7.0	2651.0
11.0	2651.0
40.0	2651.0
74.0	2651.0
106.0	2651.0
142.0	2651.0
174.0	2651.0
206.0	2651.0
240.0	2651.0
272.0	2651.0
305.0	2651.0
338.0	2651.0
371.0	2651.0
405.0	2651.0
438.0	2651.0
471.0	2651.0
0.0	2652.0
3.0	2652.0
7.0	2652.0
11.0	2652.0
40.0	2652.0
74.0	2652.0
106.0	2652.0
142.0	2652.0
174.0	2652.0
206.0	2652.0
240.0	2652.0
272.0	2652.0
305.0	2652.0
338.0	2652.0
371.0	2652.0
405.0	2652.0
438.0	2652.0
471.0	2652.0
0.0	2653.0
3.0	2653.0
7.0	2653.0
11.0	2653.0
40.0	2653.0
74.0	2653.0
106.0	2653.0
142.0	2653.0
174.0	2653.0
206.0	2653.0
240.0	2653.0
272.0	2653.0
305.0	2653.0
338.0	2653.0
371.0	2653.0
405.0	2653.0
438.0	2653.0
471.0	2653.0
0.0	2654.0
3.0	2654.0
7.0	2654.0
11.0	2654.0
40.0	2654.0
74.0	2654.0
106.0	2654.0
142.0	2654.0
174.0	2654.0
206.0	2654.0
240.0	2654.0
272.0	2654.0
305.0	2654.0
338.0	2654.0
371.0	2654.0
405.0	2654.0
438.0	2654.0
471.0	2654.0
0.0	2655.0
3.0	2655.0
7.0	2655.0
11.0	2655.0
40.0	2655.0
74.0	2655.0
106.0	2655.0
142.0	2655.0
174.0	2655.0
206.0	2655.0
240.0	2655.0
272.0	2655.0
305.0	2655.0
338.0	2655.0
371.0	2655.0
405.0	2655.0
438.0	2655.0
471.0	2655.0
0.0	2656.0
3.0	2656.0
7.0	2656.0
11.0	2656.0
40.0	2656.0
74.0	2656.0
106.0	2656.0
142.0	2656.0
174.0	2656.0
206.0	2656.0
240.0	2656.0
272.0	2656.0
305.0	2656.0
338.0	2656.0
371.0	2656.0
405.0	2656.0
438.0	2656.0
471.0	2656.0
0.0	2657.0
3.0	2657.0
7.0	2657.0
11.0	2657.0
40.0	2657.0
74.0	2657.0
106.0	2657.0
142.0	2657.0
174.0	2657.0
206.0	2657.0
240.0	2657.0
272.0	2657.0
305.0	2657.0
338.0	2657.0
371.0	2657.0
405.0	2657.0
438.0	2657.0
471.0	2657.0
0.0	2658.0
3.0	2658.0
7.0	2658.0
11.0	2658.0
40.0	2658.0
74.0	2658.0
106.0	2658.0
142.0	2658.0
174.0	2658.0
206.0	2658.0
240.0	2658.0
272.0	2658.0
305.0	2658.0
338.0	2658.0
371.0	2658.0
405.0	2658.0
438.0	2658.0
471.0	2658.0
0.0	2659.0
3.0	2659.0
7.0	2659.0
11.0	2659.0
40.0	2659.0
74.0	2659.0
106.0	2659.0
142.0	2659.0
174.0	2659.0
206.0	2659.0
240.0	2659.0
272.0	2659.0
305.0	2659.0
338.0	2659.0
371.0	2659.0
405.0	2659.0
438.0	2659.0
471.0	2659.0
0.0	2660.0
3.0	2660.0
7.0	2660.0
11.0	2660.0
40.0	2660.0
74.0	2660.0
106.0	2660.0
142.0	2660.0
174.0	2660.0
206.0	2660.0
240.0	2660.0
272.0	2660.0
305.0	2660.0
338.0	2660.0
371.0	2660.0
405.0	2660.0
438.0	2660.0
471.0	2660.0
0.0	2661.0
3.0	2661.0
7.0	2661.0
11.0	2661.0
40.0	2661.0
74.0	2661.0
106.0	2661.0
142.0	2661.0
174.0	2661.0
206.0	2661.0
240.0	2661.0
272.0	2661.0
305.0	2661.0
338.0	2661.0
371.0	2661.0
405.0	2661.0
438.0	2661.0
471.0	2661.0
0.0	2662.0
3.0	2662.0
7.0	2662.0
11.0	2662.0
40.0	2662.0
74.0	2662.0
106.0	2662.0
142.0	2662.0
174.0	2662.0
206.0	2662.0
240.0	2662.0
272.0	2662.0
305.0	2662.0
338.0	2662.0
371.0	2662.0
405.0	2662.0
438.0	2662.0
471.0	2662.0
0.0	2663.0
3.0	2663.0
7.0	2663.0
11.0	2663.0
40.0	2663.0
74.0	2663.0
106.0	2663.0
142.0	2663.0
174.0	2663.0
206.0	2663.0
240.0	2663.0
272.0	2663.0
305.0	2663.0
338.0	2663.0
371.0	2663.0
405.0	2663.0
438.0	2663.0
471.0	2663.0
0.0	2664.0
3.0	2664.0
7.0	2664.0
11.0	2664.0
40.0	2664.0
74.0	2664.0
106.0	2664.0
142.0	2664.0
174.0	2664.0
206.0	2664.0
240.0	2664.0
272.0	2664.0
305.0	2664.0
338.0	2664.0
371.0	2664.0
405.0	2664.0
438.0	2664.0
471.0	2664.0
0.0	2665.0
3.0	2665.0
7.0	2665.0
11.0	2665.0
40.0	2665.0
74.0	2665.0
106.0	2665.0
142.0	2665.0
174.0	2665.0
206.0	2665.0
240.0	2665.0
272.0	2665.0
305.0	2665.0
338.0	2665.0
371.0	2665.0
405.0	2665.0
438.0	2665.0
471.0	2665.0
0.0	2666.0
3.0	2666.0
7.0	2666.0
11.0	2666.0
40.0	2666.0
74.0	2666.0
106.0	2666.0
142.0	2666.0
174.0	2666.0
206.0	2666.0
240.0	2666.0
272.0	2666.0
305.0	2666.0
338.0	2666.0
371.0	2666.0
405.0	2666.0
438.0	2666.0
471.0	2666.0
0.0	2667.0
3.0	2667.0
7.0	2667.0
11.0	2667.0
40.0	2667.0
74.0	2667.0
106.0	2667.0
142.0	2667.0
174.0	2667.0
206.0	2667.0
240.0	2667.0
272.0	2667.0
305.0	2667.0
338.0	2667.0
371.0	2667.0
405.0	2667.0
438.0	2667.0
471.0	2667.0
0.0	2668.0
3.0	2668.0
7.0	2668.0
11.0	2668.0
40.0	2668.0
74.0	2668.0
106.0	2668.0
142.0	2668.0
174.0	2668.0
206.0	2668.0
240.0	2668.0
272.0	2668.0
305.0	2668.0
338.0	2668.0
371.0	2668.0
405.0	2668.0
438.0	2668.0
471.0	2668.0
0.0	2669.0
3.0	2669.0
7.0	2669.0
11.0	2669.0
40.0	2669.0
74.0	2669.0
106.0	2669.0
142.0	2669.0
174.0	2669.0
206.0	2669.0
240.0	2669.0
272.0	2669.0
305.0	2669.0
338.0	2669.0
371.0	2669.0
404.0	2669.0
437.0	2669.0
471.0	2669.0
0.0	2700.0
4.0	2700.0
40.0	2700.0
107.0	2700.0
142.0	2700.0
241.0	2700.0
272.0	2700.0
339.0	2700.0
371.0	2700.0
439.0	2700.0
471.0	2700.0
0.0	2701.0
3.0	2701.0
7.0	2701.0
11.0	2701.0
40.0	2701.0
74.0	2701.0
106.0	2701.0
142.0	2701.0
174.0	2701.0
206.0	2701.0
240.0	2701.0
272.0	2701.0
339.0	2701.0
371.0	2701.0
405.0	2701.0
438.0	2701.0
471.0	2701.0
0.0	2702.0
3.0	2702.0
7.0	2702.0
11.0	2702.0
40.0	2702.0
74.0	2702.0
106.0	2702.0
142.0	2702.0
174.0	2702.0
206.0	2702.0
240.0	2702.0
272.0	2702.0
339.0	2702.0
371.0	2702.0
405.0	2702.0
438.0	2702.0
471.0	2702.0
0.0	2703.0
3.0	2703.0
7.0	2703.0
11.0	2703.0
40.0	2703.0
74.0	2703.0
106.0	2703.0
142.0	2703.0
174.0	2703.0
206.0	2703.0
240.0	2703.0
272.0	2703.0
339.0	2703.0
371.0	2703.0
405.0	2703.0
438.0	2703.0
471.0	2703.0
0.0	2704.0
3.0	2704.0
7.0	2704.0
11.0	2704.0
40.0	2704.0
74.0	2704.0
106.0	2704.0
142.0	2704.0
174.0	2704.0
206.0	2704.0
240.0	2704.0
272.0	2704.0
339.0	2704.0
371.0	2704.0
405.0	2704.0
438.0	2704.0
471.0	2704.0
0.0	2705.0
3.0	2705.0
7.0	2705.0
11.0	2705.0
40.0	2705.0
74.0	2705.0
106.0	2705.0
142.0	2705.0
174.0	2705.0
206.0	2705.0
240.0	2705.0
272.0	2705.0
339.0	2705.0
371.0	2705.0
405.0	2705.0
438.0	2705.0
471.0	2705.0
0.0	2706.0
3.0	2706.0
7.0	2706.0
11.0	2706.0
40.0	2706.0
74.0	2706.0
106.0	2706.0
142.0	2706.0
174.0	2706.0
206.0	2706.0
240.0	2706.0
272.0	2706.0
305.0	2706.0
338.0	2706.0
371.0	2706.0
405.0	2706.0
438.0	2706.0
471.0	2706.0
0.0	2707.0
3.0	2707.0
7.0	2707.0
11.0	2707.0
40.0	2707.0
74.0	2707.0
106.0	2707.0
142.0	2707.0
174.0	2707.0
206.0	2707.0
240.0	2707.0
272.0	2707.0
305.0	2707.0
338.0	2707.0
371.0	2707.0
405.0	2707.0
438.0	2707.0
471.0	2707.0
0.0	2708.0
3.0	2708.0
7.0	2708.0
11.0	2708.0
40.0	2708.0
74.0	2708.0
106.0	2708.0
142.0	2708.0
174.0	2708.0
206.0	2708.0
240.0	2708.0
272.0	2708.0
305.0	2708.0
338.0	2708.0
371.0	2708.0
405.0	2708.0
438.0	2708.0
471.0	2708.0
0.0	2709.0
3.0	2709.0
7.0	2709.0
11.0	2709.0
40.0	2709.0
74.0	2709.0
106.0	2709.0
142.0	2709.0
174.0	2709.0
206.0	2709.0
240.0	2709.0
272.0	2709.0
305.0	2709.0
338.0	2709.0
371.0	2709.0
405.0	2709.0
438.0	2709.0
471.0	2709.0
0.0	2710.0
3.0	2710.0
7.0	2710.0
11.0	2710.0
40.0	2710.0
74.0	2710.0
106.0	2710.0
142.0	2710.0
174.0	2710.0
206.0	2710.0
240.0	2710.0
272.0	2710.0
305.0	2710.0
338.0	2710.0
371.0	2710.0
405.0	2710.0
438.0	2710.0
471.0	2710.0
0.0	2711.0
3.0	2711.0
7.0	2711.0
11.0	2711.0
40.0	2711.0
74.0	2711.0
106.0	2711.0
142.0	2711.0
174.0	2711.0
206.0	2711.0
240.0	2711.0
272.0	2711.0
305.0	2711.0
338.0	2711.0
371.0	2711.0
405.0	2711.0
438.0	2711.0
471.0	2711.0
0.0	2712.0
3.0	2712.0
7.0	2712.0
11.0	2712.0
40.0	2712.0
74.0	2712.0
106.0	2712.0
142.0	2712.0
174.0	2712.0
206.0	2712.0
240.0	2712.0
272.0	2712.0
305.0	2712.0
338.0	2712.0
371.0	2712.0
405.0	2712.0
438.0	2712.0
471.0	2712.0
0.0	2713.0
3.0	2713.0
7.0	2713.0
11.0	2713.0
40.0	2713.0
74.0	2713.0
106.0	2713.0
142.0	2713.0
174.0	2713.0
206.0	2713.0
240.0	2713.0
272.0	2713.0
305.0	2713.0
338.0	2713.0
371.0	2713.0
405.0	2713.0
438.0	2713.0
471.0	2713.0
0.0	2714.0
3.0	2714.0
7.0	2714.0
11.0	2714.0
40.0	2714.0
74.0	2714.0
106.0	2714.0
142.0	2714.0
174.0	2714.0
206.0	2714.0
240.0	2714.0
272.0	2714.0
305.0	2714.0
338.0	2714.0
371.0	2714.0
405.0	2714.0
438.0	2714.0
471.0	2714.0
0.0	2715.0
3.0	2715.0
7.0	2715.0
11.0	2715.0
40.0	2715.0
74.0	2715.0
106.0	2715.0
142.0	2715.0
174.0	2715.0
206.0	2715.0
240.0	2715.0
272.0	2715.0
305.0	2715.0
338.0	2715.0
371.0	2715.0
405.0	2715.0
438.0	2715.0
471.0	2715.0
0.0	2716.0
3.0	2716.0
7.0	2716.0
11.0	2716.0
40.0	2716.0
74.0	2716.0
106.0	2716.0
142.0	2716.0
174.0	2716.0
206.0	2716.0
240.0	2716.0
272.0	2716.0
305.0	2716.0
338.0	2716.0
371.0	2716.0
405.0	2716.0
438.0	2716.0
471.0	2716.0
0.0	2717.0
3.0	2717.0
7.0	2717.0
11.0	2717.0
40.0	2717.0
74.0	2717.0
106.0	2717.0
142.0	2717.0
174.0	2717.0
206.0	2717.0
240.0	2717.0
272.0	2717.0
305.0	2717.0
338.0	2717.0
371.0	2717.0
405.0	2717.0
438.0	2717.0
471.0	2717.0
0.0	2718.0
3.0	2718.0
7.0	2718.0
11.0	2718.0
40.0	2718.0
74.0	2718.0
106.0	2718.0
142.0	2718.0
174.0	2718.0
206.0	2718.0
240.0	2718.0
272.0	2718.0
305.0	2718.0
338.0	2718.0
371.0	2718.0
405.0	2718.0
438.0	2718.0
471.0	2718.0
0.0	2719.0
3.0	2719.0
7.0	2719.0
11.0	2719.0
40.0	2719.0
74.0	2719.0
106.0	2719.0
142.0	2719.0
174.0	2719.0
206.0	2719.0
240.0	2719.0
272.0	2719.0
305.0	2719.0
338.0	2719.0
371.0	2719.0
405.0	2719.0
438.0	2719.0
471.0	2719.0
0.0	2720.0
3.0	2720.0
7.0	2720.0
11.0	2720.0
40.0	2720.0
74.0	2720.0
106.0	2720.0
142.0	2720.0
174.0	2720.0
206.0	2720.0
240.0	2720.0
272.0	2720.0
305.0	2720.0
338.0	2720.0
371.0	2720.0
405.0	2720.0
438.0	2720.0
471.0	2720.0
0.0	2721.0
3.0	2721.0
7.0	2721.0
11.0	2721.0
40.0	2721.0
74.0	2721.0
106.0	2721.0
142.0	2721.0
174.0	2721.0
206.0	2721.0
240.0	2721.0
272.0	2721.0
305.0	2721.0
338.0	2721.0
371.0	2721.0
405.0	2721.0
438.0	2721.0
471.0	2721.0
0.0	2722.0
3.0	2722.0
7.0	2722.0
11.0	2722.0
40.0	2722.0
74.0	2722.0
106.0	2722.0
142.0	2722.0
174.0	2722.0
206.0	2722.0
240.0	2722.0
272.0	2722.0
305.0	2722.0
338.0	2722.0
371.0	2722.0
405.0	2722.0
438.0	2722.0
471.0	2722.0
0.0	2723.0
3.0	2723.0
7.0	2723.0
11.0	2723.0
40.0	2723.0
74.0	2723.0
106.0	2723.0
142.0	2723.0
174.0	2723.0
206.0	2723.0
240.0	2723.0
272.0	2723.0
305.0	2723.0
338.0	2723.0
371.0	2723.0
405.0	2723.0
438.0	2723.0
471.0	2723.0
0.0	2724.0
3.0	2724.0
7.0	2724.0
11.0	2724.0
40.0	2724.0
74.0	2724.0
106.0	2724.0
142.0	2724.0
174.0	2724.0
206.0	2724.0
240.0	2724.0
272.0	2724.0
305.0	2724.0
338.0	2724.0
371.0	2724.0
405.0	2724.0
438.0	2724.0
471.0	2724.0
0.0	2725.0
3.0	2725.0
7.0	2725.0
11.0	2725.0
40.0	2725.0
74.0	2725.0
106.0	2725.0
142.0	2725.0
174.0	2725.0
206.0	2725.0
240.0	2725.0
272.0	2725.0
305.0	2725.0
338.0	2725.0
371.0	2725.0
405.0	2725.0
438.0	2725.0
471.0	2725.0
0.0	2726.0
3.0	2726.0
7.0	2726.0
11.0	2726.0
40.0	2726.0
74.0	2726.0
106.0	2726.0
142.0	2726.0
174.0	2726.0
206.0	2726.0
240.0	2726.0
272.0	2726.0
305.0	2726.0
338.0	2726.0
371.0	2726.0
405.0	2726.0
438.0	2726.0
471.0	2726.0
0.0	2727.0
3.0	2727.0
7.0	2727.0
11.0	2727.0
40.0	2727.0
74.0	2727.0
106.0	2727.0
142.0	2727.0
174.0	2727.0
206.0	2727.0
240.0	2727.0
272.0	2727.0
305.0	2727.0
338.0	2727.0
371.0	2727.0
405.0	2727.0
438.0	2727.0
471.0	2727.0
0.0	2728.0
3.0	2728.0
7.0	2728.0
11.0	2728.0
40.0	2728.0
74.0	2728.0
106.0	2728.0
142.0	2728.0
174.0	2728.0
206.0	2728.0
240.0	2728.0
272.0	2728.0
305.0	2728.0
338.0	2728.0
371.0	2728.0
405.0	2728.0
438.0	2728.0
471.0	2728.0
0.0	2729.0
3.0	2729.0
7.0	2729.0
11.0	2729.0
40.0	2729.0
74.0	2729.0
106.0	2729.0
142.0	2729.0
174.0	2729.0
206.0	2729.0
240.0	2729.0
272.0	2729.0
305.0	2729.0
338.0	2729.0
371.0	2729.0
405.0	2729.0
438.0	2729.0
471.0	2729.0
0.0	2730.0
3.0	2730.0
7.0	2730.0
11.0	2730.0
40.0	2730.0
74.0	2730.0
106.0	2730.0
142.0	2730.0
174.0	2730.0
206.0	2730.0
240.0	2730.0
272.0	2730.0
305.0	2730.0
338.0	2730.0
371.0	2730.0
405.0	2730.0
438.0	2730.0
471.0	2730.0
0.0	2731.0
3.0	2731.0
7.0	2731.0
11.0	2731.0
40.0	2731.0
74.0	2731.0
106.0	2731.0
142.0	2731.0
174.0	2731.0
206.0	2731.0
240.0	2731.0
272.0	2731.0
305.0	2731.0
338.0	2731.0
371.0	2731.0
405.0	2731.0
438.0	2731.0
471.0	2731.0
0.0	2732.0
3.0	2732.0
7.0	2732.0
11.0	2732.0
40.0	2732.0
74.0	2732.0
106.0	2732.0
142.0	2732.0
174.0	2732.0
206.0	2732.0
240.0	2732.0
272.0	2732.0
305.0	2732.0
338.0	2732.0
371.0	2732.0
405.0	2732.0
438.0	2732.0
471.0	2732.0
0.0	2733.0
3.0	2733.0
7.0	2733.0
11.0	2733.0
40.0	2733.0
74.0	2733.0
106.0	2733.0
142.0	2733.0
174.0	2733.0
206.0	2733.0
240.0	2733.0
272.0	2733.0
305.0	2733.0
338.0	2733.0
371.0	2733.0
405.0	2733.0
437.0	2733.0
471.0	2733.0
0.0	2764.0
4.0	2764.0
41.0	2764.0
107.0	2764.0
142.0	2764.0
339.0	2764.0
371.0	2764.0
439.0	2764.0
471.0	2764.0
0.0	2765.0
3.0	2765.0
7.0	2765.0
40.0	2765.0
107.0	2765.0
142.0	2765.0
174.0	2765.0
206.0	2765.0
240.0	2765.0
272.0	2765.0
338.0	2765.0
342.0	2765.0
371.0	2765.0
439.0	2765.0
471.0	2765.0
0.0	2766.0
3.0	2766.0
7.0	2766.0
11.0	2766.0
40.0	2766.0
74.0	2766.0
106.0	2766.0
142.0	2766.0
174.0	2766.0
206.0	2766.0
240.0	2766.0
272.0	2766.0
339.0	2766.0
371.0	2766.0
405.0	2766.0
438.0	2766.0
471.0	2766.0
0.0	2767.0
3.0	2767.0
7.0	2767.0
11.0	2767.0
40.0	2767.0
74.0	2767.0
106.0	2767.0
142.0	2767.0
174.0	2767.0
206.0	2767.0
240.0	2767.0
272.0	2767.0
339.0	2767.0
371.0	2767.0
405.0	2767.0
438.0	2767.0
471.0	2767.0
0.0	2768.0
3.0	2768.0
7.0	2768.0
11.0	2768.0
40.0	2768.0
74.0	2768.0
106.0	2768.0
142.0	2768.0
174.0	2768.0
206.0	2768.0
240.0	2768.0
272.0	2768.0
339.0	2768.0
371.0	2768.0
405.0	2768.0
438.0	2768.0
471.0	2768.0
0.0	2769.0
3.0	2769.0
7.0	2769.0
11.0	2769.0
40.0	2769.0
74.0	2769.0
106.0	2769.0
142.0	2769.0
174.0	2769.0
206.0	2769.0
240.0	2769.0
272.0	2769.0
339.0	2769.0
371.0	2769.0
405.0	2769.0
438.0	2769.0
471.0	2769.0
0.0	2770.0
3.0	2770.0
7.0	2770.0
11.0	2770.0
40.0	2770.0
74.0	2770.0
106.0	2770.0
142.0	2770.0
174.0	2770.0
206.0	2770.0
240.0	2770.0
272.0	2770.0
305.0	2770.0
338.0	2770.0
371.0	2770.0
405.0	2770.0
438.0	2770.0
471.0	2770.0
0.0	2771.0
3.0	2771.0
7.0	2771.0
11.0	2771.0
40.0	2771.0
74.0	2771.0
106.0	2771.0
142.0	2771.0
174.0	2771.0
206.0	2771.0
240.0	2771.0
272.0	2771.0
305.0	2771.0
338.0	2771.0
371.0	2771.0
405.0	2771.0
438.0	2771.0
471.0	2771.0
0.0	2772.0
3.0	2772.0
7.0	2772.0
11.0	2772.0
40.0	2772.0
74.0	2772.0
106.0	2772.0
142.0	2772.0
174.0	2772.0
206.0	2772.0
240.0	2772.0
272.0	2772.0
305.0	2772.0
338.0	2772.0
371.0	2772.0
405.0	2772.0
438.0	2772.0
471.0	2772.0
0.0	2773.0
3.0	2773.0
7.0	2773.0
11.0	2773.0
40.0	2773.0
74.0	2773.0
106.0	2773.0
142.0	2773.0
174.0	2773.0
206.0	2773.0
240.0	2773.0
272.0	2773.0
305.0	2773.0
338.0	2773.0
371.0	2773.0
405.0	2773.0
438.0	2773.0
471.0	2773.0
0.0	2774.0
3.0	2774.0
7.0	2774.0
11.0	2774.0
40.0	2774.0
74.0	2774.0
106.0	2774.0
142.0	2774.0
174.0	2774.0
206.0	2774.0
240.0	2774.0
272.0	2774.0
305.0	2774.0
338.0	2774.0
371.0	2774.0
405.0	2774.0
438.0	2774.0
471.0	2774.0
0.0	2775.0
3.0	2775.0
7.0	2775.0
11.0	2775.0
40.0	2775.0
74.0	2775.0
106.0	2775.0
142.0	2775.0
174.0	2775.0
206.0	2775.0
240.0	2775.0
272.0	2775.0
305.0	2775.0
338.0	2775.0
371.0	2775.0
405.0	2775.0
438.0	2775.0
471.0	2775.0
0.0	2776.0
3.0	2776.0
7.0	2776.0
11.0	2776.0
40.0	2776.0
74.0	2776.0
106.0	2776.0
142.0	2776.0
174.0	2776.0
206.0	2776.0
240.0	2776.0
272.0	2776.0
305.0	2776.0
338.0	2776.0
371.0	2776.0
405.0	2776.0
438.0	2776.0
471.0	2776.0
0.0	2777.0
3.0	2777.0
7.0	2777.0
11.0	2777.0
40.0	2777.0
74.0	2777.0
106.0	2777.0
142.0	2777.0
174.0	2777.0
206.0	2777.0
240.0	2777.0
272.0	2777.0
305.0	2777.0
338.0	2777.0
371.0	2777.0
405.0	2777.0
438.0	2777.0
471.0	2777.0
0.0	2778.0
3.0	2778.0
7.0	2778.0
11.0	2778.0
40.0	2778.0
74.0	2778.0
106.0	2778.0
142.0	2778.0
174.0	2778.0
206.0	2778.0
240.0	2778.0
272.0	2778.0
305.0	2778.0
338.0	2778.0
371.0	2778.0
405.0	2778.0
438.0	2778.0
471.0	2778.0
0.0	2779.0
3.0	2779.0
7.0	2779.0
11.0	2779.0
40.0	2779.0
74.0	2779.0
106.0	2779.0
142.0	2779.0
174.0	2779.0
206.0	2779.0
240.0	2779.0
272.0	2779.0
305.0	2779.0
338.0	2779.0
371.0	2779.0
405.0	2779.0
438.0	2779.0
471.0	2779.0
0.0	2780.0
3.0	2780.0
7.0	2780.0
11.0	2780.0
40.0	2780.0
74.0	2780.0
106.0	2780.0
142.0	2780.0
174.0	2780.0
206.0	2780.0
240.0	2780.0
272.0	2780.0
305.0	2780.0
338.0	2780.0
371.0	2780.0
405.0	2780.0
438.0	2780.0
471.0	2780.0
0.0	2781.0
3.0	2781.0
7.0	2781.0
11.0	2781.0
40.0	2781.0
74.0	2781.0
106.0	2781.0
142.0	2781.0
174.0	2781.0
206.0	2781.0
240.0	2781.0
272.0	2781.0
305.0	2781.0
338.0	2781.0
371.0	2781.0
405.0	2781.0
438.0	2781.0
471.0	2781.0
0.0	2782.0
3.0	2782.0
7.0	2782.0
11.0	2782.0
40.0	2782.0
74.0	2782.0
106.0	2782.0
142.0	2782.0
174.0	2782.0
206.0	2782.0
240.0	2782.0
272.0	2782.0
305.0	2782.0
338.0	2782.0
371.0	2782.0
405.0	2782.0
438.0	2782.0
471.0	2782.0
0.0	2783.0
3.0	2783.0
7.0	2783.0
11.0	2783.0
40.0	2783.0
74.0	2783.0
106.0	2783.0
142.0	2783.0
174.0	2783.0
206.0	2783.0
240.0	2783.0
272.0	2783.0
305.0	2783.0
338.0	2783.0
371.0	2783.0
405.0	2783.0
438.0	2783.0
471.0	2783.0
0.0	2784.0
3.0	2784.0
7.0	2784.0
11.0	2784.0
40.0	2784.0
74.0	2784.0
106.0	2784.0
142.0	2784.0
174.0	2784.0
206.0	2784.0
240.0	2784.0
272.0	2784.0
305.0	2784.0
338.0	2784.0
371.0	2784.0
405.0	2784.0
438.0	2784.0
471.0	2784.0
0.0	2785.0
3.0	2785.0
7.0	2785.0
11.0	2785.0
40.0	2785.0
74.0	2785.0
106.0	2785.0
142.0	2785.0
174.0	2785.0
206.0	2785.0
240.0	2785.0
272.0	2785.0
305.0	2785.0
338.0	2785.0
371.0	2785.0
405.0	2785.0
438.0	2785.0
471.0	2785.0
0.0	2786.0
3.0	2786.0
7.0	2786.0
11.0	2786.0
40.0	2786.0
74.0	2786.0
106.0	2786.0
142.0	2786.0
174.0	2786.0
206.0	2786.0
240.0	2786.0
272.0	2786.0
305.0	2786.0
338.0	2786.0
371.0	2786.0
405.0	2786.0
438.0	2786.0
471.0	2786.0
0.0	2787.0
3.0	2787.0
7.0	2787.0
11.0	2787.0
40.0	2787.0
74.0	2787.0
106.0	2787.0
142.0	2787.0
174.0	2787.0
206.0	2787.0
240.0	2787.0
272.0	2787.0
305.0	2787.0
338.0	2787.0
371.0	2787.0
405.0	2787.0
438.0	2787.0
471.0	2787.0
0.0	2788.0
3.0	2788.0
7.0	2788.0
11.0	2788.0
40.0	2788.0
74.0	2788.0
106.0	2788.0
142.0	2788.0
174.0	2788.0
206.0	2788.0
240.0	2788.0
272.0	2788.0
305.0	2788.0
338.0	2788.0
371.0	2788.0
405.0	2788.0
438.0	2788.0
471.0	2788.0
0.0	2789.0
3.0	2789.0
7.0	2789.0
11.0	2789.0
40.0	2789.0
74.0	2789.0
106.0	2789.0
142.0	2789.0
174.0	2789.0
206.0	2789.0
240.0	2789.0
272.0	2789.0
305.0	2789.0
338.0	2789.0
371.0	2789.0
405.0	2789.0
438.0	2789.0
471.0	2789.0
0.0	2790.0
3.0	2790.0
7.0	2790.0
11.0	2790.0
40.0	2790.0
74.0	2790.0
106.0	2790.0
142.0	2790.0
174.0	2790.0
206.0	2790.0
240.0	2790.0
272.0	2790.0
305.0	2790.0
338.0	2790.0
371.0	2790.0
405.0	2790.0
438.0	2790.0
471.0	2790.0
0.0	2791.0
3.0	2791.0
7.0	2791.0
11.0	2791.0
40.0	2791.0
74.0	2791.0
106.0	2791.0
142.0	2791.0
174.0	2791.0
206.0	2791.0
240.0	2791.0
272.0	2791.0
305.0	2791.0
338.0	2791.0
371.0	2791.0
405.0	2791.0
438.0	2791.0
471.0	2791.0
0.0	2792.0
3.0	2792.0
7.0	2792.0
11.0	2792.0
40.0	2792.0
74.0	2792.0
106.0	2792.0
142.0	2792.0
174.0	2792.0
206.0	2792.0
240.0	2792.0
272.0	2792.0
305.0	2792.0
338.0	2792.0
371.0	2792.0
405.0	2792.0
438.0	2792.0
471.0	2792.0
0.0	2793.0
3.0	2793.0
7.0	2793.0
11.0	2793.0
40.0	2793.0
74.0	2793.0
106.0	2793.0
142.0	2793.0
174.0	2793.0
206.0	2793.0
240.0	2793.0
272.0	2793.0
305.0	2793.0
338.0	2793.0
371.0	2793.0
405.0	2793.0
438.0	2793.0
471.0	2793.0
0.0	2794.0
3.0	2794.0
7.0	2794.0
11.0	2794.0
40.0	2794.0
74.0	2794.0
106.0	2794.0
142.0	2794.0
174.0	2794.0
206.0	2794.0
240.0	2794.0
272.0	2794.0
305.0	2794.0
338.0	2794.0
371.0	2794.0
405.0	2794.0
438.0	2794.0
471.0	2794.0
0.0	2795.0
3.0	2795.0
7.0	2795.0
11.0	2795.0
40.0	2795.0
74.0	2795.0
106.0	2795.0
142.0	2795.0
174.0	2795.0
206.0	2795.0
240.0	2795.0
272.0	2795.0
305.0	2795.0
338.0	2795.0
371.0	2795.0
405.0	2795.0
438.0	2795.0
471.0	2795.0
0.0	2796.0
3.0	2796.0
7.0	2796.0
11.0	2796.0
40.0	2796.0
74.0	2796.0
106.0	2796.0
142.0	2796.0
174.0	2796.0
206.0	2796.0
240.0	2796.0
272.0	2796.0
305.0	2796.0
338.0	2796.0
371.0	2796.0
405.0	2796.0
438.0	2796.0
471.0	2796.0
0.0	2797.0
3.0	2797.0
7.0	2797.0
11.0	2797.0
40.0	2797.0
74.0	2797.0
106.0	2797.0
142.0	2797.0
174.0	2797.0
206.0	2797.0
240.0	2797.0
272.0	2797.0
305.0	2797.0
338.0	2797.0
371.0	2797.0
405.0	2797.0
437.0	2797.0
471.0	2797.0
1.0	2828.0
40.0	2828.0
107.0	2828.0
142.0	2828.0
339.0	2828.0
371.0	2828.0
439.0	2828.0
471.0	2828.0
0.0	2829.0
3.0	2829.0
7.0	2829.0
40.0	2829.0
107.0	2829.0
142.0	2829.0
174.0	2829.0
206.0	2829.0
240.0	2829.0
272.0	2829.0
339.0	2829.0
371.0	2829.0
439.0	2829.0
471.0	2829.0
0.0	2830.0
3.0	2830.0
7.0	2830.0
11.0	2830.0
40.0	2830.0
74.0	2830.0
106.0	2830.0
142.0	2830.0
174.0	2830.0
206.0	2830.0
240.0	2830.0
272.0	2830.0
339.0	2830.0
371.0	2830.0
405.0	2830.0
438.0	2830.0
471.0	2830.0
0.0	2831.0
3.0	2831.0
7.0	2831.0
11.0	2831.0
40.0	2831.0
74.0	2831.0
106.0	2831.0
142.0	2831.0
174.0	2831.0
206.0	2831.0
240.0	2831.0
272.0	2831.0
339.0	2831.0
371.0	2831.0
405.0	2831.0
438.0	2831.0
471.0	2831.0
0.0	2832.0
3.0	2832.0
7.0	2832.0
11.0	2832.0
40.0	2832.0
74.0	2832.0
106.0	2832.0
142.0	2832.0
174.0	2832.0
206.0	2832.0
240.0	2832.0
272.0	2832.0
339.0	2832.0
371.0	2832.0
405.0	2832.0
438.0	2832.0
471.0	2832.0
0.0	2833.0
3.0	2833.0
7.0	2833.0
11.0	2833.0
40.0	2833.0
74.0	2833.0
106.0	2833.0
142.0	2833.0
174.0	2833.0
206.0	2833.0
240.0	2833.0
272.0	2833.0
339.0	2833.0
371.0	2833.0
405.0	2833.0
438.0	2833.0
471.0	2833.0
0.0	2834.0
3.0	2834.0
7.0	2834.0
11.0	2834.0
40.0	2834.0
74.0	2834.0
106.0	2834.0
142.0	2834.0
174.0	2834.0
206.0	2834.0
240.0	2834.0
272.0	2834.0
305.0	2834.0
338.0	2834.0
371.0	2834.0
405.0	2834.0
438.0	2834.0
471.0	2834.0
0.0	2835.0
3.0	2835.0
7.0	2835.0
11.0	2835.0
40.0	2835.0
74.0	2835.0
106.0	2835.0
142.0	2835.0
174.0	2835.0
206.0	2835.0
240.0	2835.0
272.0	2835.0
305.0	2835.0
338.0	2835.0
371.0	2835.0
405.0	2835.0
438.0	2835.0
471.0	2835.0
0.0	2836.0
3.0	2836.0
7.0	2836.0
11.0	2836.0
40.0	2836.0
74.0	2836.0
106.0	2836.0
142.0	2836.0
174.0	2836.0
206.0	2836.0
240.0	2836.0
272.0	2836.0
305.0	2836.0
338.0	2836.0
371.0	2836.0
405.0	2836.0
438.0	2836.0
471.0	2836.0
0.0	2837.0
3.0	2837.0
7.0	2837.0
11.0	2837.0
40.0	2837.0
74.0	2837.0
106.0	2837.0
142.0	2837.0
174.0	2837.0
206.0	2837.0
240.0	2837.0
272.0	2837.0
305.0	2837.0
338.0	2837.0
371.0	2837.0
405.0	2837.0
438.0	2837.0
471.0	2837.0
0.0	2838.0
3.0	2838.0
7.0	2838.0
11.0	2838.0
40.0	2838.0
74.0	2838.0
106.0	2838.0
142.0	2838.0
174.0	2838.0
206.0	2838.0
240.0	2838.0
272.0	2838.0
305.0	2838.0
338.0	2838.0
371.0	2838.0
405.0	2838.0
438.0	2838.0
471.0	2838.0
0.0	2839.0
3.0	2839.0
7.0	2839.0
11.0	2839.0
40.0	2839.0
74.0	2839.0
106.0	2839.0
142.0	2839.0
174.0	2839.0
206.0	2839.0
240.0	2839.0
272.0	2839.0
305.0	2839.0
338.0	2839.0
371.0	2839.0
405.0	2839.0
438.0	2839.0
471.0	2839.0
0.0	2840.0
3.0	2840.0
7.0	2840.0
11.0	2840.0
40.0	2840.0
74.0	2840.0
106.0	2840.0
142.0	2840.0
174.0	2840.0
206.0	2840.0
240.0	2840.0
272.0	2840.0
305.0	2840.0
338.0	2840.0
371.0	2840.0
405.0	2840.0
438.0	2840.0
471.0	2840.0
0.0	2841.0
3.0	2841.0
7.0	2841.0
11.0	2841.0
40.0	2841.0
74.0	2841.0
106.0	2841.0
142.0	2841.0
174.0	2841.0
206.0	2841.0
240.0	2841.0
272.0	2841.0
305.0	2841.0
338.0	2841.0
371.0	2841.0
405.0	2841.0
438.0	2841.0
471.0	2841.0
0.0	2842.0
3.0	2842.0
7.0	2842.0
11.0	2842.0
40.0	2842.0
74.0	2842.0
106.0	2842.0
142.0	2842.0
174.0	2842.0
206.0	2842.0
240.0	2842.0
272.0	2842.0
305.0	2842.0
338.0	2842.0
371.0	2842.0
405.0	2842.0
438.0	2842.0
471.0	2842.0
0.0	2843.0
3.0	2843.0
7.0	2843.0
11.0	2843.0
40.0	2843.0
74.0	2843.0
106.0	2843.0
142.0	2843.0
174.0	2843.0
206.0	2843.0
240.0	2843.0
272.0	2843.0
305.0	2843.0
338.0	2843.0
371.0	2843.0
405.0	2843.0
438.0	2843.0
471.0	2843.0
0.0	2844.0
3.0	2844.0
7.0	2844.0
11.0	2844.0
40.0	2844.0
74.0	2844.0
106.0	2844.0
142.0	2844.0
174.0	2844.0
206.0	2844.0
240.0	2844.0
272.0	2844.0
305.0	2844.0
338.0	2844.0
371.0	2844.0
405.0	2844.0
438.0	2844.0
471.0	2844.0
0.0	2845.0
3.0	2845.0
7.0	2845.0
11.0	2845.0
40.0	2845.0
74.0	2845.0
106.0	2845.0
142.0	2845.0
174.0	2845.0
206.0	2845.0
240.0	2845.0
272.0	2845.0
305.0	2845.0
338.0	2845.0
371.0	2845.0
405.0	2845.0
438.0	2845.0
471.0	2845.0
0.0	2846.0
3.0	2846.0
7.0	2846.0
11.0	2846.0
40.0	2846.0
74.0	2846.0
106.0	2846.0
142.0	2846.0
174.0	2846.0
206.0	2846.0
240.0	2846.0
272.0	2846.0
305.0	2846.0
338.0	2846.0
371.0	2846.0
405.0	2846.0
438.0	2846.0
471.0	2846.0
0.0	2847.0
3.0	2847.0
7.0	2847.0
11.0	2847.0
40.0	2847.0
74.0	2847.0
106.0	2847.0
142.0	2847.0
174.0	2847.0
206.0	2847.0
240.0	2847.0
272.0	2847.0
305.0	2847.0
338.0	2847.0
371.0	2847.0
405.0	2847.0
438.0	2847.0
471.0	2847.0
0.0	2848.0
3.0	2848.0
7.0	2848.0
11.0	2848.0
40.0	2848.0
74.0	2848.0
106.0	2848.0
142.0	2848.0
174.0	2848.0
206.0	2848.0
240.0	2848.0
272.0	2848.0
305.0	2848.0
338.0	2848.0
371.0	2848.0
405.0	2848.0
438.0	2848.0
471.0	2848.0
0.0	2849.0
3.0	2849.0
7.0	2849.0
11.0	2849.0
40.0	2849.0
74.0	2849.0
106.0	2849.0
142.0	2849.0
174.0	2849.0
206.0	2849.0
240.0	2849.0
272.0	2849.0
305.0	2849.0
338.0	2849.0
371.0	2849.0
405.0	2849.0
438.0	2849.0
471.0	2849.0
0.0	2850.0
3.0	2850.0
7.0	2850.0
11.0	2850.0
40.0	2850.0
74.0	2850.0
106.0	2850.0
142.0	2850.0
174.0	2850.0
206.0	2850.0
240.0	2850.0
272.0	2850.0
305.0	2850.0
338.0	2850.0
371.0	2850.0
405.0	2850.0
438.0	2850.0
471.0	2850.0
0.0	2851.0
3.0	2851.0
7.0	2851.0
11.0	2851.0
40.0	2851.0
74.0	2851.0
106.0	2851.0
142.0	2851.0
174.0	2851.0
206.0	2851.0
240.0	2851.0
272.0	2851.0
305.0	2851.0
338.0	2851.0
371.0	2851.0
405.0	2851.0
438.0	2851.0
471.0	2851.0
0.0	2852.0
3.0	2852.0
7.0	2852.0
11.0	2852.0
40.0	2852.0
74.0	2852.0
106.0	2852.0
142.0	2852.0
174.0	2852.0
206.0	2852.0
240.0	2852.0
272.0	2852.0
305.0	2852.0
338.0	2852.0
371.0	2852.0
405.0	2852.0
438.0	2852.0
471.0	2852.0
0.0	2853.0
3.0	2853.0
7.0	2853.0
11.0	2853.0
40.0	2853.0
74.0	2853.0
106.0	2853.0
142.0	2853.0
174.0	2853.0
206.0	2853.0
240.0	2853.0
272.0	2853.0
305.0	2853.0
338.0	2853.0
371.0	2853.0
405.0	2853.0
438.0	2853.0
471.0	2853.0
0.0	2854.0
3.0	2854.0
7.0	2854.0
11.0	2854.0
40.0	2854.0
74.0	2854.0
106.0	2854.0
142.0	2854.0
174.0	2854.0
206.0	2854.0
240.0	2854.0
272.0	2854.0
305.0	2854.0
338.0	2854.0
371.0	2854.0
405.0	2854.0
438.0	2854.0
471.0	2854.0
0.0	2855.0
3.0	2855.0
7.0	2855.0
11.0	2855.0
40.0	2855.0
74.0	2855.0
106.0	2855.0
142.0	2855.0
174.0	2855.0
206.0	2855.0
240.0	2855.0
272.0	2855.0
305.0	2855.0
338.0	2855.0
371.0	2855.0
405.0	2855.0
438.0	2855.0
471.0	2855.0
0.0	2856.0
3.0	2856.0
7.0	2856.0
11.0	2856.0
40.0	2856.0
74.0	2856.0
106.0	2856.0
142.0	2856.0
174.0	2856.0
206.0	2856.0
240.0	2856.0
272.0	2856.0
305.0	2856.0
338.0	2856.0
371.0	2856.0
405.0	2856.0
438.0	2856.0
471.0	2856.0
0.0	2857.0
3.0	2857.0
7.0	2857.0
11.0	2857.0
40.0	2857.0
74.0	2857.0
106.0	2857.0
142.0	2857.0
174.0	2857.0
206.0	2857.0
240.0	2857.0
272.0	2857.0
305.0	2857.0
338.0	2857.0
371.0	2857.0
405.0	2857.0
438.0	2857.0
471.0	2857.0
0.0	2858.0
3.0	2858.0
7.0	2858.0
11.0	2858.0
40.0	2858.0
74.0	2858.0
106.0	2858.0
142.0	2858.0
174.0	2858.0
206.0	2858.0
240.0	2858.0
272.0	2858.0
305.0	2858.0
338.0	2858.0
371.0	2858.0
405.0	2858.0
438.0	2858.0
471.0	2858.0
0.0	2859.0
3.0	2859.0
7.0	2859.0
11.0	2859.0
40.0	2859.0
74.0	2859.0
106.0	2859.0
142.0	2859.0
174.0	2859.0
206.0	2859.0
240.0	2859.0
272.0	2859.0
305.0	2859.0
338.0	2859.0
371.0	2859.0
405.0	2859.0
438.0	2859.0
471.0	2859.0
0.0	2860.0
3.0	2860.0
7.0	2860.0
11.0	2860.0
40.0	2860.0
74.0	2860.0
106.0	2860.0
142.0	2860.0
174.0	2860.0
206.0	2860.0
240.0	2860.0
272.0	2860.0
305.0	2860.0
338.0	2860.0
371.0	2860.0
405.0	2860.0
438.0	2860.0
471.0	2860.0
0.0	2861.0
3.0	2861.0
7.0	2861.0
11.0	2861.0
40.0	2861.0
74.0	2861.0
106.0	2861.0
142.0	2861.0
174.0	2861.0
206.0	2861.0
240.0	2861.0
272.0	2861.0
305.0	2861.0
338.0	2861.0
371.0	2861.0
405.0	2861.0
437.0	2861.0
471.0	2861.0
1.0	2892.0
40.0	2892.0
107.0	2892.0
142.0	2892.0
339.0	2892.0
371.0	2892.0
472.0	2892.0
0.0	2893.0
3.0	2893.0
7.0	2893.0
40.0	2893.0
107.0	2893.0
142.0	2893.0
174.0	2893.0
206.0	2893.0
240.0	2893.0
272.0	2893.0
339.0	2893.0
371.0	2893.0
439.0	2893.0
471.0	2893.0
0.0	2894.0
3.0	2894.0
7.0	2894.0
11.0	2894.0
40.0	2894.0
74.0	2894.0
106.0	2894.0
142.0	2894.0
174.0	2894.0
206.0	2894.0
240.0	2894.0
272.0	2894.0
339.0	2894.0
371.0	2894.0
405.0	2894.0
438.0	2894.0
471.0	2894.0
0.0	2895.0
3.0	2895.0
7.0	2895.0
11.0	2895.0
40.0	2895.0
74.0	2895.0
106.0	2895.0
142.0	2895.0
174.0	2895.0
206.0	2895.0
240.0	2895.0
272.0	2895.0
339.0	2895.0
371.0	2895.0
405.0	2895.0
438.0	2895.0
471.0	2895.0
0.0	2896.0
3.0	2896.0
7.0	2896.0
11.0	2896.0
40.0	2896.0
74.0	2896.0
106.0	2896.0
142.0	2896.0
174.0	2896.0
206.0	2896.0
240.0	2896.0
272.0	2896.0
339.0	2896.0
371.0	2896.0
405.0	2896.0
438.0	2896.0
471.0	2896.0
0.0	2897.0
3.0	2897.0
7.0	2897.0
11.0	2897.0
40.0	2897.0
74.0	2897.0
106.0	2897.0
142.0	2897.0
174.0	2897.0
206.0	2897.0
240.0	2897.0
272.0	2897.0
339.0	2897.0
371.0	2897.0
405.0	2897.0
438.0	2897.0
471.0	2897.0
0.0	2898.0
3.0	2898.0
7.0	2898.0
11.0	2898.0
40.0	2898.0
74.0	2898.0
106.0	2898.0
142.0	2898.0
174.0	2898.0
206.0	2898.0
240.0	2898.0
272.0	2898.0
305.0	2898.0
338.0	2898.0
371.0	2898.0
405.0	2898.0
438.0	2898.0
471.0	2898.0
0.0	2899.0
3.0	2899.0
7.0	2899.0
11.0	2899.0
40.0	2899.0
74.0	2899.0
106.0	2899.0
142.0	2899.0
174.0	2899.0
206.0	2899.0
240.0	2899.0
272.0	2899.0
305.0	2899.0
338.0	2899.0
371.0	2899.0
405.0	2899.0
438.0	2899.0
471.0	2899.0
0.0	2900.0
3.0	2900.0
7.0	2900.0
11.0	2900.0
40.0	2900.0
74.0	2900.0
106.0	2900.0
142.0	2900.0
174.0	2900.0
206.0	2900.0
240.0	2900.0
272.0	2900.0
305.0	2900.0
338.0	2900.0
371.0	2900.0
405.0	2900.0
438.0	2900.0
471.0	2900.0
0.0	2901.0
3.0	2901.0
7.0	2901.0
11.0	2901.0
40.0	2901.0
74.0	2901.0
106.0	2901.0
142.0	2901.0
174.0	2901.0
206.0	2901.0
240.0	2901.0
272.0	2901.0
305.0	2901.0
338.0	2901.0
371.0	2901.0
405.0	2901.0
438.0	2901.0
471.0	2901.0
0.0	2902.0
3.0	2902.0
7.0	2902.0
11.0	2902.0
40.0	2902.0
74.0	2902.0
106.0	2902.0
142.0	2902.0
174.0	2902.0
206.0	2902.0
240.0	2902.0
272.0	2902.0
305.0	2902.0
338.0	2902.0
371.0	2902.0
405.0	2902.0
438.0	2902.0
471.0	2902.0
0.0	2903.0
3.0	2903.0
7.0	2903.0
11.0	2903.0
40.0	2903.0
74.0	2903.0
106.0	2903.0
142.0	2903.0
174.0	2903.0
206.0	2903.0
240.0	2903.0
272.0	2903.0
305.0	2903.0
338.0	2903.0
371.0	2903.0
405.0	2903.0
438.0	2903.0
471.0	2903.0
0.0	2904.0
3.0	2904.0
7.0	2904.0
11.0	2904.0
40.0	2904.0
74.0	2904.0
106.0	2904.0
142.0	2904.0
174.0	2904.0
206.0	2904.0
240.0	2904.0
272.0	2904.0
305.0	2904.0
338.0	2904.0
371.0	2904.0
405.0	2904.0
438.0	2904.0
471.0	2904.0
0.0	2905.0
3.0	2905.0
7.0	2905.0
11.0	2905.0
40.0	2905.0
74.0	2905.0
106.0	2905.0
142.0	2905.0
174.0	2905.0
206.0	2905.0
240.0	2905.0
272.0	2905.0
305.0	2905.0
338.0	2905.0
371.0	2905.0
405.0	2905.0
438.0	2905.0
471.0	2905.0
0.0	2906.0
3.0	2906.0
7.0	2906.0
11.0	2906.0
40.0	2906.0
74.0	2906.0
106.0	2906.0
142.0	2906.0
174.0	2906.0
206.0	2906.0
240.0	2906.0
272.0	2906.0
305.0	2906.0
338.0	2906.0
371.0	2906.0
405.0	2906.0
438.0	2906.0
471.0	2906.0
0.0	2907.0
3.0	2907.0
7.0	2907.0
11.0	2907.0
40.0	2907.0
74.0	2907.0
106.0	2907.0
142.0	2907.0
174.0	2907.0
206.0	2907.0
240.0	2907.0
272.0	2907.0
305.0	2907.0
338.0	2907.0
371.0	2907.0
405.0	2907.0
438.0	2907.0
471.0	2907.0
0.0	2908.0
3.0	2908.0
7.0	2908.0
11.0	2908.0
40.0	2908.0
74.0	2908.0
106.0	2908.0
142.0	2908.0
174.0	2908.0
206.0	2908.0
240.0	2908.0
272.0	2908.0
305.0	2908.0
338.0	2908.0
371.0	2908.0
405.0	2908.0
438.0	2908.0
471.0	2908.0
0.0	2909.0
3.0	2909.0
7.0	2909.0
11.0	2909.0
40.0	2909.0
74.0	2909.0
106.0	2909.0
142.0	2909.0
174.0	2909.0
206.0	2909.0
240.0	2909.0
272.0	2909.0
305.0	2909.0
338.0	2909.0
371.0	2909.0
405.0	2909.0
438.0	2909.0
471.0	2909.0
0.0	2910.0
3.0	2910.0
7.0	2910.0
11.0	2910.0
40.0	2910.0
74.0	2910.0
106.0	2910.0
142.0	2910.0
174.0	2910.0
206.0	2910.0
240.0	2910.0
272.0	2910.0
305.0	2910.0
338.0	2910.0
371.0	2910.0
405.0	2910.0
438.0	2910.0
471.0	2910.0
0.0	2911.0
3.0	2911.0
7.0	2911.0
11.0	2911.0
40.0	2911.0
74.0	2911.0
106.0	2911.0
142.0	2911.0
174.0	2911.0
206.0	2911.0
240.0	2911.0
272.0	2911.0
305.0	2911.0
338.0	2911.0
371.0	2911.0
405.0	2911.0
438.0	2911.0
471.0	2911.0
0.0	2912.0
3.0	2912.0
7.0	2912.0
11.0	2912.0
40.0	2912.0
74.0	2912.0
106.0	2912.0
142.0	2912.0
174.0	2912.0
206.0	2912.0
240.0	2912.0
272.0	2912.0
305.0	2912.0
338.0	2912.0
371.0	2912.0
405.0	2912.0
438.0	2912.0
471.0	2912.0
0.0	2913.0
3.0	2913.0
7.0	2913.0
11.0	2913.0
40.0	2913.0
74.0	2913.0
106.0	2913.0
142.0	2913.0
174.0	2913.0
206.0	2913.0
240.0	2913.0
272.0	2913.0
305.0	2913.0
338.0	2913.0
371.0	2913.0
405.0	2913.0
438.0	2913.0
471.0	2913.0
0.0	2914.0
3.0	2914.0
7.0	2914.0
11.0	2914.0
40.0	2914.0
74.0	2914.0
106.0	2914.0
142.0	2914.0
174.0	2914.0
206.0	2914.0
240.0	2914.0
272.0	2914.0
305.0	2914.0
338.0	2914.0
371.0	2914.0
405.0	2914.0
438.0	2914.0
471.0	2914.0
0.0	2915.0
3.0	2915.0
7.0	2915.0
11.0	2915.0
40.0	2915.0
74.0	2915.0
106.0	2915.0
142.0	2915.0
174.0	2915.0
206.0	2915.0
240.0	2915.0
272.0	2915.0
305.0	2915.0
338.0	2915.0
371.0	2915.0
405.0	2915.0
438.0	2915.0
471.0	2915.0
0.0	2916.0
3.0	2916.0
7.0	2916.0
11.0	2916.0
40.0	2916.0
74.0	2916.0
106.0	2916.0
142.0	2916.0
174.0	2916.0
206.0	2916.0
240.0	2916.0
272.0	2916.0
305.0	2916.0
338.0	2916.0
371.0	2916.0
405.0	2916.0
438.0	2916.0
471.0	2916.0
0.0	2917.0
3.0	2917.0
7.0	2917.0
11.0	2917.0
40.0	2917.0
74.0	2917.0
106.0	2917.0
142.0	2917.0
174.0	2917.0
206.0	2917.0
240.0	2917.0
272.0	2917.0
305.0	2917.0
338.0	2917.0
371.0	2917.0
405.0	2917.0
438.0	2917.0
471.0	2917.0
0.0	2918.0
3.0	2918.0
7.0	2918.0
11.0	2918.0
40.0	2918.0
74.0	2918.0
106.0	2918.0
142.0	2918.0
174.0	2918.0
206.0	2918.0
240.0	2918.0
272.0	2918.0
305.0	2918.0
338.0	2918.0
371.0	2918.0
405.0	2918.0
438.0	2918.0
471.0	2918.0
0.0	2919.0
3.0	2919.0
7.0	2919.0
11.0	2919.0
40.0	2919.0
74.0	2919.0
106.0	2919.0
142.0	2919.0
174.0	2919.0
206.0	2919.0
240.0	2919.0
272.0	2919.0
305.0	2919.0
338.0	2919.0
371.0	2919.0
405.0	2919.0
438.0	2919.0
471.0	2919.0
0.0	2920.0
3.0	2920.0
7.0	2920.0
11.0	2920.0
40.0	2920.0
74.0	2920.0
106.0	2920.0
142.0	2920.0
174.0	2920.0
206.0	2920.0
240.0	2920.0
272.0	2920.0
305.0	2920.0
338.0	2920.0
371.0	2920.0
405.0	2920.0
438.0	2920.0
471.0	2920.0
0.0	2921.0
3.0	2921.0
7.0	2921.0
11.0	2921.0
40.0	2921.0
74.0	2921.0
106.0	2921.0
142.0	2921.0
174.0	2921.0
206.0	2921.0
240.0	2921.0
272.0	2921.0
305.0	2921.0
338.0	2921.0
371.0	2921.0
405.0	2921.0
438.0	2921.0
471.0	2921.0
0.0	2922.0
3.0	2922.0
7.0	2922.0
11.0	2922.0
40.0	2922.0
74.0	2922.0
106.0	2922.0
142.0	2922.0
174.0	2922.0
206.0	2922.0
240.0	2922.0
272.0	2922.0
305.0	2922.0
338.0	2922.0
371.0	2922.0
405.0	2922.0
438.0	2922.0
471.0	2922.0
0.0	2923.0
3.0	2923.0
7.0	2923.0
11.0	2923.0
40.0	2923.0
74.0	2923.0
106.0	2923.0
142.0	2923.0
174.0	2923.0
206.0	2923.0
240.0	2923.0
272.0	2923.0
305.0	2923.0
338.0	2923.0
371.0	2923.0
405.0	2923.0
438.0	2923.0
471.0	2923.0
0.0	2924.0
3.0	2924.0
7.0	2924.0
11.0	2924.0
40.0	2924.0
74.0	2924.0
106.0	2924.0
142.0	2924.0
174.0	2924.0
206.0	2924.0
240.0	2924.0
272.0	2924.0
305.0	2924.0
338.0	2924.0
371.0	2924.0
405.0	2924.0
438.0	2924.0
471.0	2924.0
0.0	2925.0
3.0	2925.0
7.0	2925.0
11.0	2925.0
40.0	2925.0
74.0	2925.0
106.0	2925.0
142.0	2925.0
174.0	2925.0
206.0	2925.0
240.0	2925.0
272.0	2925.0
305.0	2925.0
338.0	2925.0
371.0	2925.0
405.0	2925.0
437.0	2925.0
471.0	2925.0
0.0	2959.0
3.0	2959.0
7.0	2959.0
11.0	2959.0
40.0	2959.0
74.0	2959.0
106.0	2959.0
142.0	2959.0
174.0	2959.0
206.0	2959.0
240.0	2959.0
272.0	2959.0
339.0	2959.0
371.0	2959.0
405.0	2959.0
438.0	2959.0
471.0	2959.0
0.0	2960.0
3.0	2960.0
7.0	2960.0
11.0	2960.0
40.0	2960.0
74.0	2960.0
106.0	2960.0
142.0	2960.0
174.0	2960.0
206.0	2960.0
240.0	2960.0
272.0	2960.0
339.0	2960.0
371.0	2960.0
405.0	2960.0
438.0	2960.0
471.0	2960.0
0.0	2961.0
3.0	2961.0
7.0	2961.0
11.0	2961.0
40.0	2961.0
74.0	2961.0
106.0	2961.0
142.0	2961.0
174.0	2961.0
206.0	2961.0
240.0	2961.0
272.0	2961.0
339.0	2961.0
371.0	2961.0
405.0	2961.0
438.0	2961.0
471.0	2961.0
0.0	2962.0
3.0	2962.0
7.0	2962.0
11.0	2962.0
40.0	2962.0
74.0	2962.0
106.0	2962.0
142.0	2962.0
174.0	2962.0
206.0	2962.0
240.0	2962.0
272.0	2962.0
305.0	2962.0
338.0	2962.0
371.0	2962.0
405.0	2962.0
438.0	2962.0
471.0	2962.0
0.0	2963.0
3.0	2963.0
7.0	2963.0
11.0	2963.0
40.0	2963.0
74.0	2963.0
106.0	2963.0
142.0	2963.0
174.0	2963.0
206.0	2963.0
240.0	2963.0
272.0	2963.0
305.0	2963.0
338.0	2963.0
371.0	2963.0
405.0	2963.0
438.0	2963.0
471.0	2963.0
0.0	2964.0
3.0	2964.0
7.0	2964.0
11.0	2964.0
40.0	2964.0
74.0	2964.0
106.0	2964.0
142.0	2964.0
174.0	2964.0
206.0	2964.0
240.0	2964.0
272.0	2964.0
305.0	2964.0
338.0	2964.0
371.0	2964.0
405.0	2964.0
438.0	2964.0
471.0	2964.0
0.0	2965.0
3.0	2965.0
7.0	2965.0
11.0	2965.0
40.0	2965.0
74.0	2965.0
106.0	2965.0
142.0	2965.0
174.0	2965.0
206.0	2965.0
240.0	2965.0
272.0	2965.0
305.0	2965.0
338.0	2965.0
371.0	2965.0
405.0	2965.0
438.0	2965.0
471.0	2965.0
0.0	2966.0
3.0	2966.0
7.0	2966.0
11.0	2966.0
40.0	2966.0
74.0	2966.0
106.0	2966.0
142.0	2966.0
174.0	2966.0
206.0	2966.0
240.0	2966.0
272.0	2966.0
305.0	2966.0
338.0	2966.0
371.0	2966.0
405.0	2966.0
438.0	2966.0
471.0	2966.0
0.0	2967.0
3.0	2967.0
7.0	2967.0
11.0	2967.0
40.0	2967.0
74.0	2967.0
106.0	2967.0
142.0	2967.0
174.0	2967.0
206.0	2967.0
240.0	2967.0
272.0	2967.0
305.0	2967.0
338.0	2967.0
371.0	2967.0
405.0	2967.0
438.0	2967.0
471.0	2967.0
0.0	2968.0
3.0	2968.0
7.0	2968.0
11.0	2968.0
40.0	2968.0
74.0	2968.0
106.0	2968.0
142.0	2968.0
174.0	2968.0
206.0	2968.0
240.0	2968.0
272.0	2968.0
305.0	2968.0
338.0	2968.0
371.0	2968.0
405.0	2968.0
438.0	2968.0
471.0	2968.0
0.0	2969.0
3.0	2969.0
7.0	2969.0
11.0	2969.0
40.0	2969.0
74.0	2969.0
106.0	2969.0
142.0	2969.0
174.0	2969.0
206.0	2969.0
240.0	2969.0
272.0	2969.0
305.0	2969.0
338.0	2969.0
371.0	2969.0
405.0	2969.0
438.0	2969.0
471.0	2969.0
0.0	2970.0
3.0	2970.0
7.0	2970.0
11.0	2970.0
40.0	2970.0
74.0	2970.0
106.0	2970.0
142.0	2970.0
174.0	2970.0
206.0	2970.0
240.0	2970.0
272.0	2970.0
305.0	2970.0
338.0	2970.0
371.0	2970.0
405.0	2970.0
438.0	2970.0
471.0	2970.0
0.0	2971.0
3.0	2971.0
7.0	2971.0
11.0	2971.0
40.0	2971.0
74.0	2971.0
106.0	2971.0
142.0	2971.0
174.0	2971.0
206.0	2971.0
240.0	2971.0
272.0	2971.0
305.0	2971.0
338.0	2971.0
371.0	2971.0
405.0	2971.0
438.0	2971.0
471.0	2971.0
0.0	2972.0
3.0	2972.0
7.0	2972.0
11.0	2972.0
40.0	2972.0
74.0	2972.0
106.0	2972.0
142.0	2972.0
174.0	2972.0
206.0	2972.0
240.0	2972.0
272.0	2972.0
305.0	2972.0
338.0	2972.0
371.0	2972.0
405.0	2972.0
438.0	2972.0
471.0	2972.0
0.0	2973.0
3.0	2973.0
7.0	2973.0
11.0	2973.0
40.0	2973.0
74.0	2973.0
106.0	2973.0
142.0	2973.0
174.0	2973.0
206.0	2973.0
240.0	2973.0
272.0	2973.0
305.0	2973.0
338.0	2973.0
371.0	2973.0
405.0	2973.0
438.0	2973.0
471.0	2973.0
0.0	2974.0
3.0	2974.0
7.0	2974.0
11.0	2974.0
40.0	2974.0
74.0	2974.0
106.0	2974.0
142.0	2974.0
174.0	2974.0
206.0	2974.0
240.0	2974.0
272.0	2974.0
305.0	2974.0
338.0	2974.0
371.0	2974.0
405.0	2974.0
438.0	2974.0
471.0	2974.0
0.0	2975.0
3.0	2975.0
7.0	2975.0
11.0	2975.0
40.0	2975.0
74.0	2975.0
106.0	2975.0
142.0	2975.0
174.0	2975.0
206.0	2975.0
240.0	2975.0
272.0	2975.0
305.0	2975.0
338.0	2975.0
371.0	2975.0
405.0	2975.0
438.0	2975.0
471.0	2975.0
0.0	2976.0
3.0	2976.0
7.0	2976.0
11.0	2976.0
40.0	2976.0
74.0	2976.0
106.0	2976.0
142.0	2976.0
174.0	2976.0
206.0	2976.0
240.0	2976.0
272.0	2976.0
305.0	2976.0
338.0	2976.0
371.0	2976.0
405.0	2976.0
438.0	2976.0
471.0	2976.0
0.0	2977.0
3.0	2977.0
7.0	2977.0
11.0	2977.0
40.0	2977.0
74.0	2977.0
106.0	2977.0
142.0	2977.0
174.0	2977.0
206.0	2977.0
240.0	2977.0
272.0	2977.0
305.0	2977.0
338.0	2977.0
371.0	2977.0
405.0	2977.0
438.0	2977.0
471.0	2977.0
0.0	2978.0
3.0	2978.0
7.0	2978.0
11.0	2978.0
40.0	2978.0
74.0	2978.0
106.0	2978.0
142.0	2978.0
174.0	2978.0
206.0	2978.0
240.0	2978.0
272.0	2978.0
305.0	2978.0
338.0	2978.0
371.0	2978.0
405.0	2978.0
438.0	2978.0
471.0	2978.0
0.0	2979.0
3.0	2979.0
7.0	2979.0
11.0	2979.0
40.0	2979.0
74.0	2979.0
106.0	2979.0
142.0	2979.0
174.0	2979.0
206.0	2979.0
240.0	2979.0
272.0	2979.0
305.0	2979.0
338.0	2979.0
371.0	2979.0
405.0	2979.0
438.0	2979.0
471.0	2979.0
0.0	2980.0
3.0	2980.0
7.0	2980.0
11.0	2980.0
40.0	2980.0
74.0	2980.0
106.0	2980.0
142.0	2980.0
174.0	2980.0
206.0	2980.0
240.0	2980.0
272.0	2980.0
305.0	2980.0
338.0	2980.0
371.0	2980.0
405.0	2980.0
438.0	2980.0
471.0	2980.0
0.0	2981.0
3.0	2981.0
7.0	2981.0
11.0	2981.0
40.0	2981.0
74.0	2981.0
106.0	2981.0
142.0	2981.0
174.0	2981.0
206.0	2981.0
240.0	2981.0
272.0	2981.0
305.0	2981.0
338.0	2981.0
371.0	2981.0
405.0	2981.0
438.0	2981.0
471.0	2981.0
0.0	2982.0
3.0	2982.0
7.0	2982.0
11.0	2982.0
40.0	2982.0
74.0	2982.0
106.0	2982.0
142.0	2982.0
174.0	2982.0
206.0	2982.0
240.0	2982.0
272.0	2982.0
305.0	2982.0
338.0	2982.0
371.0	2982.0
405.0	2982.0
438.0	2982.0
471.0	2982.0
0.0	2983.0
3.0	2983.0
7.0	2983.0
11.0	2983.0
40.0	2983.0
74.0	2983.0
106.0	2983.0
142.0	2983.0
174.0	2983.0
206.0	2983.0
240.0	2983.0
272.0	2983.0
305.0	2983.0
338.0	2983.0
371.0	2983.0
405.0	2983.0
438.0	2983.0
471.0	2983.0
0.0	2984.0
3.0	2984.0
7.0	2984.0
11.0	2984.0
40.0	2984.0
74.0	2984.0
106.0	2984.0
142.0	2984.0
174.0	2984.0
206.0	2984.0
240.0	2984.0
272.0	2984.0
305.0	2984.0
338.0	2984.0
371.0	2984.0
405.0	2984.0
438.0	2984.0
471.0	2984.0
0.0	2985.0
3.0	2985.0
7.0	2985.0
11.0	2985.0
40.0	2985.0
74.0	2985.0
106.0	2985.0
142.0	2985.0
174.0	2985.0
206.0	2985.0
240.0	2985.0
272.0	2985.0
305.0	2985.0
338.0	2985.0
371.0	2985.0
405.0	2985.0
438.0	2985.0
471.0	2985.0
0.0	2986.0
3.0	2986.0
7.0	2986.0
11.0	2986.0
40.0	2986.0
74.0	2986.0
106.0	2986.0
142.0	2986.0
174.0	2986.0
206.0	2986.0
240.0	2986.0
272.0	2986.0
305.0	2986.0
338.0	2986.0
371.0	2986.0
405.0	2986.0
438.0	2986.0
471.0	2986.0
0.0	2987.0
3.0	2987.0
7.0	2987.0
11.0	2987.0
40.0	2987.0
74.0	2987.0
106.0	2987.0
142.0	2987.0
174.0	2987.0
206.0	2987.0
240.0	2987.0
272.0	2987.0
305.0	2987.0
338.0	2987.0
371.0	2987.0
405.0	2987.0
438.0	2987.0
471.0	2987.0
0.0	2988.0
3.0	2988.0
7.0	2988.0
11.0	2988.0
40.0	2988.0
74.0	2988.0
106.0	2988.0
142.0	2988.0
174.0	2988.0
206.0	2988.0
240.0	2988.0
272.0	2988.0
305.0	2988.0
338.0	2988.0
371.0	2988.0
405.0	2988.0
438.0	2988.0
471.0	2988.0
0.0	2989.0
3.0	2989.0
7.0	2989.0
11.0	2989.0
40.0	2989.0
74.0	2989.0
106.0	2989.0
142.0	2989.0
174.0	2989.0
206.0	2989.0
240.0	2989.0
272.0	2989.0
305.0	2989.0
338.0	2989.0
371.0	2989.0
405.0	2989.0
437.0	2989.0
471.0	2989.0
0.0	3033.0
3.0	3033.0
7.0	3033.0
11.0	3033.0
40.0	3033.0
74.0	3033.0
106.0	3033.0
142.0	3033.0
174.0	3033.0
206.0	3033.0
240.0	3033.0
272.0	3033.0
305.0	3033.0
338.0	3033.0
371.0	3033.0
405.0	3033.0
438.0	3033.0
471.0	3033.0
0.0	3034.0
3.0	3034.0
7.0	3034.0
11.0	3034.0
40.0	3034.0
74.0	3034.0
106.0	3034.0
142.0	3034.0
174.0	3034.0
206.0	3034.0
240.0	3034.0
272.0	3034.0
305.0	3034.0
338.0	3034.0
371.0	3034.0
405.0	3034.0
438.0	3034.0
471.0	3034.0
0.0	3035.0
3.0	3035.0
7.0	3035.0
11.0	3035.0
40.0	3035.0
74.0	3035.0
106.0	3035.0
142.0	3035.0
174.0	3035.0
206.0	3035.0
240.0	3035.0
272.0	3035.0
305.0	3035.0
338.0	3035.0
371.0	3035.0
405.0	3035.0
438.0	3035.0
471.0	3035.0
0.0	3036.0
3.0	3036.0
7.0	3036.0
11.0	3036.0
40.0	3036.0
74.0	3036.0
106.0	3036.0
142.0	3036.0
174.0	3036.0
206.0	3036.0
240.0	3036.0
272.0	3036.0
305.0	3036.0
338.0	3036.0
371.0	3036.0
405.0	3036.0
438.0	3036.0
471.0	3036.0
0.0	3037.0
3.0	3037.0
7.0	3037.0
11.0	3037.0
40.0	3037.0
74.0	3037.0
106.0	3037.0
142.0	3037.0
174.0	3037.0
206.0	3037.0
240.0	3037.0
272.0	3037.0
305.0	3037.0
338.0	3037.0
371.0	3037.0
405.0	3037.0
438.0	3037.0
471.0	3037.0
0.0	3038.0
3.0	3038.0
7.0	3038.0
11.0	3038.0
40.0	3038.0
74.0	3038.0
106.0	3038.0
142.0	3038.0
174.0	3038.0
206.0	3038.0
240.0	3038.0
272.0	3038.0
305.0	3038.0
338.0	3038.0
371.0	3038.0
405.0	3038.0
438.0	3038.0
471.0	3038.0
0.0	3039.0
3.0	3039.0
7.0	3039.0
11.0	3039.0
40.0	3039.0
74.0	3039.0
106.0	3039.0
142.0	3039.0
174.0	3039.0
206.0	3039.0
240.0	3039.0
272.0	3039.0
305.0	3039.0
338.0	3039.0
371.0	3039.0
405.0	3039.0
438.0	3039.0
471.0	3039.0
0.0	3040.0
3.0	3040.0
7.0	3040.0
11.0	3040.0
40.0	3040.0
74.0	3040.0
106.0	3040.0
142.0	3040.0
174.0	3040.0
206.0	3040.0
240.0	3040.0
272.0	3040.0
305.0	3040.0
338.0	3040.0
371.0	3040.0
405.0	3040.0
438.0	3040.0
471.0	3040.0
0.0	3041.0
3.0	3041.0
7.0	3041.0
11.0	3041.0
40.0	3041.0
74.0	3041.0
106.0	3041.0
142.0	3041.0
174.0	3041.0
206.0	3041.0
240.0	3041.0
272.0	3041.0
305.0	3041.0
338.0	3041.0
371.0	3041.0
405.0	3041.0
438.0	3041.0
471.0	3041.0
0.0	3042.0
3.0	3042.0
7.0	3042.0
11.0	3042.0
40.0	3042.0
74.0	3042.0
106.0	3042.0
142.0	3042.0
174.0	3042.0
206.0	3042.0
240.0	3042.0
272.0	3042.0
305.0	3042.0
338.0	3042.0
371.0	3042.0
405.0	3042.0
438.0	3042.0
471.0	3042.0
0.0	3043.0
3.0	3043.0
7.0	3043.0
11.0	3043.0
40.0	3043.0
74.0	3043.0
106.0	3043.0
142.0	3043.0
174.0	3043.0
206.0	3043.0
240.0	3043.0
272.0	3043.0
305.0	3043.0
338.0	3043.0
371.0	3043.0
405.0	3043.0
438.0	3043.0
471.0	3043.0
0.0	3044.0
3.0	3044.0
7.0	3044.0
11.0	3044.0
40.0	3044.0
74.0	3044.0
106.0	3044.0
142.0	3044.0
174.0	3044.0
206.0	3044.0
240.0	3044.0
272.0	3044.0
305.0	3044.0
338.0	3044.0
371.0	3044.0
405.0	3044.0
438.0	3044.0
471.0	3044.0
0.0	3045.0
3.0	3045.0
7.0	3045.0
11.0	3045.0
40.0	3045.0
74.0	3045.0
106.0	3045.0
142.0	3045.0
174.0	3045.0
206.0	3045.0
240.0	3045.0
272.0	3045.0
305.0	3045.0
338.0	3045.0
371.0	3045.0
405.0	3045.0
438.0	3045.0
471.0	3045.0
0.0	3046.0
3.0	3046.0
7.0	3046.0
11.0	3046.0
40.0	3046.0
74.0	3046.0
106.0	3046.0
142.0	3046.0
174.0	3046.0
206.0	3046.0
240.0	3046.0
272.0	3046.0
305.0	3046.0
338.0	3046.0
371.0	3046.0
405.0	3046.0
438.0	3046.0
471.0	3046.0
0.0	3047.0
3.0	3047.0
7.0	3047.0
11.0	3047.0
40.0	3047.0
74.0	3047.0
106.0	3047.0
142.0	3047.0
174.0	3047.0
206.0	3047.0
240.0	3047.0
272.0	3047.0
305.0	3047.0
338.0	3047.0
371.0	3047.0
405.0	3047.0
438.0	3047.0
471.0	3047.0
0.0	3048.0
3.0	3048.0
7.0	3048.0
11.0	3048.0
40.0	3048.0
74.0	3048.0
106.0	3048.0
142.0	3048.0
174.0	3048.0
206.0	3048.0
240.0	3048.0
272.0	3048.0
305.0	3048.0
338.0	3048.0
371.0	3048.0
405.0	3048.0
438.0	3048.0
471.0	3048.0
0.0	3049.0
3.0	3049.0
7.0	3049.0
11.0	3049.0
40.0	3049.0
74.0	3049.0
106.0	3049.0
142.0	3049.0
174.0	3049.0
206.0	3049.0
240.0	3049.0
272.0	3049.0
305.0	3049.0
338.0	3049.0
371.0	3049.0
405.0	3049.0
438.0	3049.0
471.0	3049.0
0.0	3050.0
3.0	3050.0
7.0	3050.0
11.0	3050.0
40.0	3050.0
74.0	3050.0
106.0	3050.0
142.0	3050.0
174.0	3050.0
206.0	3050.0
240.0	3050.0
272.0	3050.0
305.0	3050.0
338.0	3050.0
371.0	3050.0
405.0	3050.0
438.0	3050.0
471.0	3050.0
0.0	3051.0
3.0	3051.0
7.0	3051.0
11.0	3051.0
40.0	3051.0
74.0	3051.0
106.0	3051.0
142.0	3051.0
174.0	3051.0
206.0	3051.0
240.0	3051.0
272.0	3051.0
305.0	3051.0
338.0	3051.0
371.0	3051.0
405.0	3051.0
438.0	3051.0
471.0	3051.0
0.0	3052.0
3.0	3052.0
7.0	3052.0
11.0	3052.0
40.0	3052.0
74.0	3052.0
106.0	3052.0
142.0	3052.0
174.0	3052.0
206.0	3052.0
240.0	3052.0
272.0	3052.0
305.0	3052.0
338.0	3052.0
371.0	3052.0
405.0	3052.0
438.0	3052.0
471.0	3052.0
0.0	3053.0
3.0	3053.0
7.0	3053.0
11.0	3053.0
40.0	3053.0
74.0	3053.0
106.0	3053.0
142.0	3053.0
174.0	3053.0
206.0	3053.0
240.0	3053.0
272.0	3053.0
305.0	3053.0
338.0	3053.0
371.0	3053.0
405.0	3053.0
437.0	3053.0
471.0	3053.0
0.0	3105.0
3.0	3105.0
9.0	3105.0
41.0	3105.0
339.0	3105.0
0.0	3106.0
3.0	3106.0
7.0	3106.0
11.0	3106.0
40.0	3106.0
74.0	3106.0
106.0	3106.0
142.0	3106.0
174.0	3106.0
206.0	3106.0
240.0	3106.0
272.0	3106.0
305.0	3106.0
338.0	3106.0
371.0	3106.0
405.0	3106.0
438.0	3106.0
471.0	3106.0
0.0	3107.0
3.0	3107.0
7.0	3107.0
11.0	3107.0
40.0	3107.0
74.0	3107.0
106.0	3107.0
142.0	3107.0
174.0	3107.0
206.0	3107.0
240.0	3107.0
272.0	3107.0
305.0	3107.0
338.0	3107.0
371.0	3107.0
405.0	3107.0
438.0	3107.0
471.0	3107.0
0.0	3108.0
3.0	3108.0
7.0	3108.0
11.0	3108.0
40.0	3108.0
74.0	3108.0
106.0	3108.0
142.0	3108.0
174.0	3108.0
206.0	3108.0
240.0	3108.0
272.0	3108.0
305.0	3108.0
338.0	3108.0
371.0	3108.0
405.0	3108.0
438.0	3108.0
471.0	3108.0
0.0	3109.0
3.0	3109.0
7.0	3109.0
11.0	3109.0
40.0	3109.0
74.0	3109.0
106.0	3109.0
142.0	3109.0
174.0	3109.0
206.0	3109.0
240.0	3109.0
272.0	3109.0
305.0	3109.0
338.0	3109.0
371.0	3109.0
405.0	3109.0
438.0	3109.0
471.0	3109.0
0.0	3110.0
3.0	3110.0
7.0	3110.0
11.0	3110.0
40.0	3110.0
74.0	3110.0
106.0	3110.0
142.0	3110.0
174.0	3110.0
206.0	3110.0
240.0	3110.0
272.0	3110.0
305.0	3110.0
338.0	3110.0
371.0	3110.0
405.0	3110.0
438.0	3110.0
471.0	3110.0
0.0	3111.0
3.0	3111.0
7.0	3111.0
11.0	3111.0
40.0	3111.0
74.0	3111.0
106.0	3111.0
142.0	3111.0
174.0	3111.0
206.0	3111.0
240.0	3111.0
272.0	3111.0
305.0	3111.0
338.0	3111.0
371.0	3111.0
405.0	3111.0
438.0	3111.0
471.0	3111.0
0.0	3112.0
3.0	3112.0
7.0	3112.0
11.0	3112.0
40.0	3112.0
74.0	3112.0
106.0	3112.0
142.0	3112.0
174.0	3112.0
206.0	3112.0
240.0	3112.0
272.0	3112.0
305.0	3112.0
338.0	3112.0
371.0	3112.0
405.0	3112.0
438.0	3112.0
471.0	3112.0
0.0	3113.0
3.0	3113.0
7.0	3113.0
11.0	3113.0
40.0	3113.0
74.0	3113.0
106.0	3113.0
142.0	3113.0
174.0	3113.0
206.0	3113.0
240.0	3113.0
272.0	3113.0
305.0	3113.0
338.0	3113.0
371.0	3113.0
405.0	3113.0
438.0	3113.0
471.0	3113.0
0.0	3114.0
3.0	3114.0
7.0	3114.0
11.0	3114.0
40.0	3114.0
74.0	3114.0
106.0	3114.0
142.0	3114.0
174.0	3114.0
206.0	3114.0
240.0	3114.0
272.0	3114.0
305.0	3114.0
338.0	3114.0
371.0	3114.0
405.0	3114.0
438.0	3114.0
471.0	3114.0
0.0	3115.0
3.0	3115.0
7.0	3115.0
11.0	3115.0
40.0	3115.0
74.0	3115.0
106.0	3115.0
142.0	3115.0
174.0	3115.0
206.0	3115.0
240.0	3115.0
272.0	3115.0
305.0	3115.0
338.0	3115.0
371.0	3115.0
405.0	3115.0
438.0	3115.0
471.0	3115.0
0.0	3116.0
3.0	3116.0
7.0	3116.0
11.0	3116.0
40.0	3116.0
74.0	3116.0
106.0	3116.0
142.0	3116.0
174.0	3116.0
206.0	3116.0
240.0	3116.0
272.0	3116.0
305.0	3116.0
338.0	3116.0
371.0	3116.0
405.0	3116.0
438.0	3116.0
471.0	3116.0
0.0	3117.0
3.0	3117.0
7.0	3117.0
11.0	3117.0
40.0	3117.0
74.0	3117.0
106.0	3117.0
142.0	3117.0
174.0	3117.0
206.0	3117.0
240.0	3117.0
272.0	3117.0
305.0	3117.0
338.0	3117.0
371.0	3117.0
405.0	3117.0
437.0	3117.0
471.0	3117.0
0.0	3180.0
3.0	3180.0
7.0	3180.0
11.0	3180.0
40.0	3180.0
74.0	3180.0
106.0	3180.0
142.0	3180.0
174.0	3180.0
206.0	3180.0
240.0	3180.0
272.0	3180.0
305.0	3180.0
338.0	3180.0
371.0	3180.0
405.0	3180.0
438.0	3180.0
471.0	3180.0
0.0	3181.0
3.0	3181.0
7.0	3181.0
11.0	3181.0
40.0	3181.0
74.0	3181.0
106.0	3181.0
142.0	3181.0
174.0	3181.0
206.0	3181.0
240.0	3181.0
272.0	3181.0
305.0	3181.0
338.0	3181.0
371.0	3181.0
405.0	3181.0
437.0	3181.0
471.0	3181.0
