# first_id = 0
# n = 1024
# dimensions = [1024]
# last_id = 1023
# runtime = 500
0.0	174.0
4.0	174.0
50.0	174.0
82.0	174.0
348.0	174.0
448.0	174.0
479.0	174.0
0.0	175.0
3.0	175.0
7.0	175.0
22.0	175.0
49.0	175.0
82.0	175.0
115.0	175.0
148.0	175.0
181.0	175.0
215.0	175.0
248.0	175.0
281.0	175.0
314.0	175.0
347.0	175.0
380.0	175.0
414.0	175.0
447.0	175.0
479.0	175.0
0.0	176.0
3.0	176.0
7.0	176.0
22.0	176.0
49.0	176.0
82.0	176.0
115.0	176.0
148.0	176.0
181.0	176.0
215.0	176.0
248.0	176.0
281.0	176.0
314.0	176.0
347.0	176.0
380.0	176.0
414.0	176.0
447.0	176.0
479.0	176.0
0.0	177.0
3.0	177.0
7.0	177.0
22.0	177.0
49.0	177.0
82.0	177.0
115.0	177.0
148.0	177.0
181.0	177.0
215.0	177.0
248.0	177.0
281.0	177.0
314.0	177.0
347.0	177.0
380.0	177.0
414.0	177.0
447.0	177.0
479.0	177.0
0.0	178.0
3.0	178.0
7.0	178.0
22.0	178.0
49.0	178.0
82.0	178.0
115.0	178.0
148.0	178.0
181.0	178.0
215.0	178.0
248.0	178.0
281.0	178.0
314.0	178.0
347.0	178.0
380.0	178.0
414.0	178.0
447.0	178.0
479.0	178.0
0.0	179.0
3.0	179.0
7.0	179.0
22.0	179.0
49.0	179.0
82.0	179.0
115.0	179.0
148.0	179.0
181.0	179.0
215.0	179.0
248.0	179.0
281.0	179.0
314.0	179.0
347.0	179.0
380.0	179.0
414.0	179.0
447.0	179.0
479.0	179.0
0.0	180.0
3.0	180.0
7.0	180.0
22.0	180.0
49.0	180.0
82.0	180.0
115.0	180.0
148.0	180.0
181.0	180.0
215.0	180.0
248.0	180.0
281.0	180.0
314.0	180.0
347.0	180.0
380.0	180.0
414.0	180.0
447.0	180.0
479.0	180.0
0.0	181.0
3.0	181.0
7.0	181.0
22.0	181.0
49.0	181.0
82.0	181.0
115.0	181.0
148.0	181.0
181.0	181.0
215.0	181.0
248.0	181.0
281.0	181.0
314.0	181.0
347.0	181.0
380.0	181.0
414.0	181.0
447.0	181.0
479.0	181.0
0.0	182.0
3.0	182.0
7.0	182.0
22.0	182.0
49.0	182.0
82.0	182.0
115.0	182.0
148.0	182.0
181.0	182.0
215.0	182.0
247.0	182.0
281.0	182.0
314.0	182.0
347.0	182.0
380.0	182.0
413.0	182.0
447.0	182.0
479.0	182.0
0.0	201.0
4.0	201.0
50.0	201.0
82.0	201.0
216.0	201.0
348.0	201.0
448.0	201.0
479.0	201.0
0.0	202.0
3.0	202.0
7.0	202.0
22.0	202.0
49.0	202.0
82.0	202.0
115.0	202.0
148.0	202.0
181.0	202.0
215.0	202.0
248.0	202.0
281.0	202.0
314.0	202.0
347.0	202.0
380.0	202.0
414.0	202.0
447.0	202.0
479.0	202.0
0.0	203.0
3.0	203.0
7.0	203.0
22.0	203.0
49.0	203.0
82.0	203.0
115.0	203.0
148.0	203.0
181.0	203.0
215.0	203.0
248.0	203.0
281.0	203.0
314.0	203.0
347.0	203.0
380.0	203.0
414.0	203.0
447.0	203.0
479.0	203.0
0.0	204.0
3.0	204.0
7.0	204.0
22.0	204.0
49.0	204.0
82.0	204.0
115.0	204.0
148.0	204.0
181.0	204.0
215.0	204.0
248.0	204.0
281.0	204.0
314.0	204.0
347.0	204.0
380.0	204.0
414.0	204.0
447.0	204.0
479.0	204.0
0.0	205.0
3.0	205.0
7.0	205.0
22.0	205.0
49.0	205.0
82.0	205.0
115.0	205.0
148.0	205.0
181.0	205.0
215.0	205.0
248.0	205.0
281.0	205.0
314.0	205.0
347.0	205.0
380.0	205.0
414.0	205.0
447.0	205.0
479.0	205.0
0.0	206.0
3.0	206.0
7.0	206.0
22.0	206.0
49.0	206.0
82.0	206.0
115.0	206.0
148.0	206.0
181.0	206.0
215.0	206.0
248.0	206.0
281.0	206.0
314.0	206.0
347.0	206.0
380.0	206.0
414.0	206.0
447.0	206.0
479.0	206.0
0.0	207.0
3.0	207.0
7.0	207.0
22.0	207.0
49.0	207.0
82.0	207.0
115.0	207.0
148.0	207.0
181.0	207.0
215.0	207.0
248.0	207.0
281.0	207.0
314.0	207.0
347.0	207.0
380.0	207.0
414.0	207.0
447.0	207.0
479.0	207.0
0.0	208.0
3.0	208.0
7.0	208.0
22.0	208.0
49.0	208.0
82.0	208.0
115.0	208.0
148.0	208.0
181.0	208.0
215.0	208.0
248.0	208.0
281.0	208.0
314.0	208.0
347.0	208.0
380.0	208.0
414.0	208.0
447.0	208.0
479.0	208.0
0.0	209.0
3.0	209.0
7.0	209.0
22.0	209.0
49.0	209.0
82.0	209.0
115.0	209.0
148.0	209.0
181.0	209.0
215.0	209.0
248.0	209.0
281.0	209.0
314.0	209.0
347.0	209.0
380.0	209.0
414.0	209.0
447.0	209.0
479.0	209.0
0.0	210.0
3.0	210.0
7.0	210.0
22.0	210.0
49.0	210.0
82.0	210.0
115.0	210.0
148.0	210.0
181.0	210.0
215.0	210.0
248.0	210.0
281.0	210.0
314.0	210.0
347.0	210.0
380.0	210.0
414.0	210.0
447.0	210.0
479.0	210.0
0.0	211.0
3.0	211.0
7.0	211.0
22.0	211.0
49.0	211.0
82.0	211.0
115.0	211.0
148.0	211.0
181.0	211.0
215.0	211.0
248.0	211.0
281.0	211.0
314.0	211.0
347.0	211.0
380.0	211.0
414.0	211.0
447.0	211.0
479.0	211.0
0.0	212.0
3.0	212.0
7.0	212.0
22.0	212.0
49.0	212.0
82.0	212.0
115.0	212.0
148.0	212.0
181.0	212.0
215.0	212.0
248.0	212.0
281.0	212.0
314.0	212.0
347.0	212.0
380.0	212.0
414.0	212.0
447.0	212.0
479.0	212.0
0.0	213.0
3.0	213.0
7.0	213.0
22.0	213.0
49.0	213.0
82.0	213.0
115.0	213.0
148.0	213.0
181.0	213.0
215.0	213.0
248.0	213.0
281.0	213.0
314.0	213.0
347.0	213.0
380.0	213.0
414.0	213.0
447.0	213.0
479.0	213.0
0.0	214.0
3.0	214.0
7.0	214.0
22.0	214.0
49.0	214.0
82.0	214.0
115.0	214.0
148.0	214.0
181.0	214.0
215.0	214.0
248.0	214.0
281.0	214.0
314.0	214.0
347.0	214.0
380.0	214.0
413.0	214.0
447.0	214.0
479.0	214.0
0.0	230.0
3.0	230.0
7.0	230.0
22.0	230.0
49.0	230.0
82.0	230.0
115.0	230.0
148.0	230.0
181.0	230.0
215.0	230.0
248.0	230.0
281.0	230.0
314.0	230.0
347.0	230.0
380.0	230.0
414.0	230.0
447.0	230.0
479.0	230.0
0.0	231.0
3.0	231.0
7.0	231.0
22.0	231.0
49.0	231.0
82.0	231.0
115.0	231.0
148.0	231.0
181.0	231.0
215.0	231.0
248.0	231.0
281.0	231.0
314.0	231.0
347.0	231.0
380.0	231.0
414.0	231.0
447.0	231.0
479.0	231.0
0.0	232.0
3.0	232.0
7.0	232.0
22.0	232.0
49.0	232.0
82.0	232.0
115.0	232.0
148.0	232.0
181.0	232.0
215.0	232.0
248.0	232.0
281.0	232.0
314.0	232.0
347.0	232.0
380.0	232.0
414.0	232.0
447.0	232.0
479.0	232.0
0.0	233.0
3.0	233.0
7.0	233.0
22.0	233.0
49.0	233.0
82.0	233.0
115.0	233.0
148.0	233.0
181.0	233.0
215.0	233.0
248.0	233.0
281.0	233.0
314.0	233.0
347.0	233.0
380.0	233.0
414.0	233.0
447.0	233.0
479.0	233.0
0.0	234.0
3.0	234.0
7.0	234.0
22.0	234.0
49.0	234.0
82.0	234.0
115.0	234.0
148.0	234.0
181.0	234.0
215.0	234.0
248.0	234.0
281.0	234.0
314.0	234.0
347.0	234.0
380.0	234.0
414.0	234.0
447.0	234.0
479.0	234.0
0.0	235.0
3.0	235.0
7.0	235.0
22.0	235.0
49.0	235.0
82.0	235.0
115.0	235.0
148.0	235.0
181.0	235.0
215.0	235.0
248.0	235.0
281.0	235.0
314.0	235.0
347.0	235.0
380.0	235.0
414.0	235.0
447.0	235.0
479.0	235.0
0.0	236.0
3.0	236.0
7.0	236.0
22.0	236.0
49.0	236.0
82.0	236.0
115.0	236.0
148.0	236.0
181.0	236.0
215.0	236.0
248.0	236.0
281.0	236.0
314.0	236.0
347.0	236.0
380.0	236.0
414.0	236.0
447.0	236.0
479.0	236.0
0.0	237.0
3.0	237.0
7.0	237.0
22.0	237.0
49.0	237.0
82.0	237.0
115.0	237.0
148.0	237.0
181.0	237.0
215.0	237.0
248.0	237.0
281.0	237.0
314.0	237.0
347.0	237.0
380.0	237.0
414.0	237.0
447.0	237.0
479.0	237.0
0.0	238.0
3.0	238.0
7.0	238.0
22.0	238.0
49.0	238.0
82.0	238.0
115.0	238.0
148.0	238.0
181.0	238.0
215.0	238.0
248.0	238.0
281.0	238.0
314.0	238.0
347.0	238.0
380.0	238.0
414.0	238.0
447.0	238.0
479.0	238.0
0.0	239.0
3.0	239.0
7.0	239.0
22.0	239.0
49.0	239.0
82.0	239.0
115.0	239.0
148.0	239.0
181.0	239.0
215.0	239.0
248.0	239.0
281.0	239.0
314.0	239.0
347.0	239.0
380.0	239.0
414.0	239.0
447.0	239.0
479.0	239.0
0.0	240.0
3.0	240.0
7.0	240.0
22.0	240.0
49.0	240.0
82.0	240.0
115.0	240.0
148.0	240.0
181.0	240.0
215.0	240.0
248.0	240.0
281.0	240.0
314.0	240.0
347.0	240.0
380.0	240.0
414.0	240.0
447.0	240.0
479.0	240.0
0.0	241.0
3.0	241.0
7.0	241.0
22.0	241.0
49.0	241.0
82.0	241.0
115.0	241.0
148.0	241.0
181.0	241.0
215.0	241.0
248.0	241.0
281.0	241.0
314.0	241.0
347.0	241.0
380.0	241.0
414.0	241.0
447.0	241.0
479.0	241.0
0.0	242.0
3.0	242.0
7.0	242.0
22.0	242.0
49.0	242.0
82.0	242.0
115.0	242.0
148.0	242.0
181.0	242.0
215.0	242.0
248.0	242.0
281.0	242.0
314.0	242.0
347.0	242.0
380.0	242.0
414.0	242.0
447.0	242.0
479.0	242.0
0.0	243.0
3.0	243.0
7.0	243.0
22.0	243.0
49.0	243.0
82.0	243.0
115.0	243.0
148.0	243.0
181.0	243.0
215.0	243.0
248.0	243.0
281.0	243.0
314.0	243.0
347.0	243.0
380.0	243.0
414.0	243.0
447.0	243.0
479.0	243.0
0.0	244.0
3.0	244.0
7.0	244.0
22.0	244.0
49.0	244.0
82.0	244.0
115.0	244.0
148.0	244.0
181.0	244.0
215.0	244.0
248.0	244.0
281.0	244.0
314.0	244.0
347.0	244.0
380.0	244.0
414.0	244.0
447.0	244.0
479.0	244.0
0.0	245.0
3.0	245.0
7.0	245.0
22.0	245.0
49.0	245.0
82.0	245.0
115.0	245.0
148.0	245.0
181.0	245.0
215.0	245.0
248.0	245.0
281.0	245.0
314.0	245.0
347.0	245.0
380.0	245.0
414.0	245.0
447.0	245.0
479.0	245.0
0.0	246.0
3.0	246.0
7.0	246.0
22.0	246.0
49.0	246.0
82.0	246.0
115.0	246.0
148.0	246.0
181.0	246.0
215.0	246.0
248.0	246.0
281.0	246.0
314.0	246.0
347.0	246.0
380.0	246.0
413.0	246.0
447.0	246.0
479.0	246.0
0.0	262.0
3.0	262.0
7.0	262.0
22.0	262.0
49.0	262.0
82.0	262.0
115.0	262.0
148.0	262.0
181.0	262.0
215.0	262.0
248.0	262.0
281.0	262.0
314.0	262.0
347.0	262.0
380.0	262.0
414.0	262.0
447.0	262.0
479.0	262.0
0.0	263.0
3.0	263.0
7.0	263.0
22.0	263.0
49.0	263.0
82.0	263.0
115.0	263.0
148.0	263.0
181.0	263.0
215.0	263.0
248.0	263.0
281.0	263.0
314.0	263.0
347.0	263.0
380.0	263.0
414.0	263.0
447.0	263.0
479.0	263.0
0.0	264.0
3.0	264.0
7.0	264.0
22.0	264.0
49.0	264.0
82.0	264.0
115.0	264.0
148.0	264.0
181.0	264.0
215.0	264.0
248.0	264.0
281.0	264.0
314.0	264.0
347.0	264.0
380.0	264.0
414.0	264.0
447.0	264.0
479.0	264.0
0.0	265.0
3.0	265.0
7.0	265.0
22.0	265.0
49.0	265.0
82.0	265.0
115.0	265.0
148.0	265.0
181.0	265.0
215.0	265.0
248.0	265.0
281.0	265.0
314.0	265.0
347.0	265.0
380.0	265.0
414.0	265.0
447.0	265.0
479.0	265.0
0.0	266.0
3.0	266.0
7.0	266.0
22.0	266.0
49.0	266.0
82.0	266.0
115.0	266.0
148.0	266.0
181.0	266.0
215.0	266.0
248.0	266.0
281.0	266.0
314.0	266.0
347.0	266.0
380.0	266.0
414.0	266.0
447.0	266.0
479.0	266.0
0.0	267.0
3.0	267.0
7.0	267.0
22.0	267.0
49.0	267.0
82.0	267.0
115.0	267.0
148.0	267.0
181.0	267.0
215.0	267.0
248.0	267.0
281.0	267.0
314.0	267.0
347.0	267.0
380.0	267.0
414.0	267.0
447.0	267.0
479.0	267.0
0.0	268.0
3.0	268.0
7.0	268.0
22.0	268.0
49.0	268.0
82.0	268.0
115.0	268.0
148.0	268.0
181.0	268.0
215.0	268.0
248.0	268.0
281.0	268.0
314.0	268.0
347.0	268.0
380.0	268.0
414.0	268.0
447.0	268.0
479.0	268.0
0.0	269.0
3.0	269.0
7.0	269.0
22.0	269.0
49.0	269.0
82.0	269.0
115.0	269.0
148.0	269.0
181.0	269.0
215.0	269.0
248.0	269.0
281.0	269.0
314.0	269.0
347.0	269.0
380.0	269.0
414.0	269.0
447.0	269.0
479.0	269.0
0.0	270.0
3.0	270.0
7.0	270.0
22.0	270.0
49.0	270.0
82.0	270.0
115.0	270.0
148.0	270.0
181.0	270.0
215.0	270.0
248.0	270.0
281.0	270.0
314.0	270.0
347.0	270.0
380.0	270.0
414.0	270.0
447.0	270.0
479.0	270.0
0.0	271.0
3.0	271.0
7.0	271.0
22.0	271.0
49.0	271.0
82.0	271.0
115.0	271.0
148.0	271.0
181.0	271.0
215.0	271.0
248.0	271.0
281.0	271.0
314.0	271.0
347.0	271.0
380.0	271.0
414.0	271.0
447.0	271.0
479.0	271.0
0.0	272.0
3.0	272.0
7.0	272.0
22.0	272.0
49.0	272.0
82.0	272.0
115.0	272.0
148.0	272.0
181.0	272.0
215.0	272.0
248.0	272.0
281.0	272.0
314.0	272.0
347.0	272.0
380.0	272.0
414.0	272.0
447.0	272.0
479.0	272.0
0.0	273.0
3.0	273.0
7.0	273.0
22.0	273.0
49.0	273.0
82.0	273.0
115.0	273.0
148.0	273.0
181.0	273.0
215.0	273.0
248.0	273.0
281.0	273.0
314.0	273.0
347.0	273.0
380.0	273.0
414.0	273.0
447.0	273.0
479.0	273.0
0.0	274.0
3.0	274.0
7.0	274.0
22.0	274.0
49.0	274.0
82.0	274.0
115.0	274.0
148.0	274.0
181.0	274.0
215.0	274.0
248.0	274.0
281.0	274.0
314.0	274.0
347.0	274.0
380.0	274.0
414.0	274.0
447.0	274.0
479.0	274.0
0.0	275.0
3.0	275.0
7.0	275.0
22.0	275.0
49.0	275.0
82.0	275.0
115.0	275.0
148.0	275.0
181.0	275.0
215.0	275.0
248.0	275.0
281.0	275.0
314.0	275.0
347.0	275.0
380.0	275.0
414.0	275.0
447.0	275.0
479.0	275.0
0.0	276.0
3.0	276.0
7.0	276.0
22.0	276.0
49.0	276.0
82.0	276.0
115.0	276.0
148.0	276.0
181.0	276.0
215.0	276.0
248.0	276.0
281.0	276.0
314.0	276.0
347.0	276.0
380.0	276.0
414.0	276.0
447.0	276.0
479.0	276.0
0.0	277.0
3.0	277.0
7.0	277.0
22.0	277.0
49.0	277.0
82.0	277.0
115.0	277.0
148.0	277.0
181.0	277.0
215.0	277.0
248.0	277.0
281.0	277.0
314.0	277.0
347.0	277.0
380.0	277.0
414.0	277.0
447.0	277.0
479.0	277.0
0.0	278.0
3.0	278.0
7.0	278.0
22.0	278.0
49.0	278.0
82.0	278.0
115.0	278.0
148.0	278.0
181.0	278.0
215.0	278.0
248.0	278.0
281.0	278.0
314.0	278.0
347.0	278.0
380.0	278.0
413.0	278.0
447.0	278.0
479.0	278.0
0.0	294.0
3.0	294.0
7.0	294.0
22.0	294.0
49.0	294.0
82.0	294.0
115.0	294.0
148.0	294.0
181.0	294.0
215.0	294.0
248.0	294.0
281.0	294.0
314.0	294.0
347.0	294.0
380.0	294.0
414.0	294.0
447.0	294.0
479.0	294.0
0.0	295.0
3.0	295.0
7.0	295.0
22.0	295.0
49.0	295.0
82.0	295.0
115.0	295.0
148.0	295.0
181.0	295.0
215.0	295.0
248.0	295.0
281.0	295.0
314.0	295.0
347.0	295.0
380.0	295.0
414.0	295.0
447.0	295.0
479.0	295.0
0.0	296.0
3.0	296.0
7.0	296.0
22.0	296.0
49.0	296.0
82.0	296.0
115.0	296.0
148.0	296.0
181.0	296.0
215.0	296.0
248.0	296.0
281.0	296.0
314.0	296.0
347.0	296.0
380.0	296.0
414.0	296.0
447.0	296.0
479.0	296.0
0.0	297.0
3.0	297.0
7.0	297.0
22.0	297.0
49.0	297.0
82.0	297.0
115.0	297.0
148.0	297.0
181.0	297.0
215.0	297.0
248.0	297.0
281.0	297.0
314.0	297.0
347.0	297.0
380.0	297.0
414.0	297.0
447.0	297.0
479.0	297.0
0.0	298.0
3.0	298.0
7.0	298.0
22.0	298.0
49.0	298.0
82.0	298.0
115.0	298.0
148.0	298.0
181.0	298.0
215.0	298.0
248.0	298.0
281.0	298.0
314.0	298.0
347.0	298.0
380.0	298.0
414.0	298.0
447.0	298.0
479.0	298.0
0.0	299.0
3.0	299.0
7.0	299.0
22.0	299.0
49.0	299.0
82.0	299.0
115.0	299.0
148.0	299.0
181.0	299.0
215.0	299.0
248.0	299.0
281.0	299.0
314.0	299.0
347.0	299.0
380.0	299.0
414.0	299.0
447.0	299.0
479.0	299.0
0.0	300.0
3.0	300.0
7.0	300.0
22.0	300.0
49.0	300.0
82.0	300.0
115.0	300.0
148.0	300.0
181.0	300.0
215.0	300.0
248.0	300.0
281.0	300.0
314.0	300.0
347.0	300.0
380.0	300.0
414.0	300.0
447.0	300.0
479.0	300.0
0.0	301.0
3.0	301.0
7.0	301.0
22.0	301.0
49.0	301.0
82.0	301.0
115.0	301.0
148.0	301.0
181.0	301.0
215.0	301.0
248.0	301.0
281.0	301.0
314.0	301.0
347.0	301.0
380.0	301.0
414.0	301.0
447.0	301.0
479.0	301.0
0.0	302.0
3.0	302.0
7.0	302.0
22.0	302.0
49.0	302.0
82.0	302.0
115.0	302.0
148.0	302.0
181.0	302.0
215.0	302.0
248.0	302.0
281.0	302.0
314.0	302.0
347.0	302.0
380.0	302.0
414.0	302.0
447.0	302.0
479.0	302.0
0.0	303.0
3.0	303.0
7.0	303.0
22.0	303.0
49.0	303.0
82.0	303.0
115.0	303.0
148.0	303.0
181.0	303.0
215.0	303.0
248.0	303.0
281.0	303.0
314.0	303.0
347.0	303.0
380.0	303.0
414.0	303.0
447.0	303.0
479.0	303.0
0.0	304.0
3.0	304.0
7.0	304.0
22.0	304.0
49.0	304.0
82.0	304.0
115.0	304.0
148.0	304.0
181.0	304.0
215.0	304.0
248.0	304.0
281.0	304.0
314.0	304.0
347.0	304.0
380.0	304.0
414.0	304.0
447.0	304.0
479.0	304.0
0.0	305.0
3.0	305.0
7.0	305.0
22.0	305.0
49.0	305.0
82.0	305.0
115.0	305.0
148.0	305.0
181.0	305.0
215.0	305.0
248.0	305.0
281.0	305.0
314.0	305.0
347.0	305.0
380.0	305.0
414.0	305.0
447.0	305.0
479.0	305.0
0.0	306.0
3.0	306.0
7.0	306.0
22.0	306.0
49.0	306.0
82.0	306.0
115.0	306.0
148.0	306.0
181.0	306.0
215.0	306.0
248.0	306.0
281.0	306.0
314.0	306.0
347.0	306.0
380.0	306.0
414.0	306.0
447.0	306.0
479.0	306.0
0.0	307.0
3.0	307.0
7.0	307.0
22.0	307.0
49.0	307.0
82.0	307.0
115.0	307.0
148.0	307.0
181.0	307.0
215.0	307.0
248.0	307.0
281.0	307.0
314.0	307.0
347.0	307.0
380.0	307.0
414.0	307.0
447.0	307.0
479.0	307.0
0.0	308.0
3.0	308.0
7.0	308.0
22.0	308.0
49.0	308.0
82.0	308.0
115.0	308.0
148.0	308.0
181.0	308.0
215.0	308.0
248.0	308.0
281.0	308.0
314.0	308.0
347.0	308.0
380.0	308.0
414.0	308.0
447.0	308.0
479.0	308.0
0.0	309.0
3.0	309.0
7.0	309.0
22.0	309.0
116.0	309.0
148.0	309.0
181.0	309.0
215.0	309.0
248.0	309.0
281.0	309.0
314.0	309.0
381.0	309.0
414.0	309.0
0.0	326.0
3.0	326.0
7.0	326.0
22.0	326.0
49.0	326.0
82.0	326.0
115.0	326.0
148.0	326.0
181.0	326.0
215.0	326.0
248.0	326.0
281.0	326.0
314.0	326.0
347.0	326.0
380.0	326.0
414.0	326.0
447.0	326.0
479.0	326.0
0.0	327.0
3.0	327.0
7.0	327.0
22.0	327.0
49.0	327.0
82.0	327.0
115.0	327.0
148.0	327.0
181.0	327.0
215.0	327.0
248.0	327.0
281.0	327.0
314.0	327.0
347.0	327.0
380.0	327.0
414.0	327.0
447.0	327.0
479.0	327.0
0.0	328.0
3.0	328.0
7.0	328.0
22.0	328.0
49.0	328.0
82.0	328.0
115.0	328.0
148.0	328.0
181.0	328.0
215.0	328.0
248.0	328.0
281.0	328.0
314.0	328.0
347.0	328.0
380.0	328.0
414.0	328.0
447.0	328.0
479.0	328.0
0.0	329.0
3.0	329.0
7.0	329.0
22.0	329.0
49.0	329.0
82.0	329.0
115.0	329.0
148.0	329.0
181.0	329.0
215.0	329.0
248.0	329.0
281.0	329.0
314.0	329.0
347.0	329.0
380.0	329.0
414.0	329.0
447.0	329.0
479.0	329.0
0.0	330.0
3.0	330.0
7.0	330.0
22.0	330.0
49.0	330.0
82.0	330.0
115.0	330.0
148.0	330.0
181.0	330.0
215.0	330.0
248.0	330.0
281.0	330.0
314.0	330.0
347.0	330.0
380.0	330.0
414.0	330.0
447.0	330.0
479.0	330.0
0.0	331.0
3.0	331.0
7.0	331.0
22.0	331.0
49.0	331.0
82.0	331.0
115.0	331.0
148.0	331.0
181.0	331.0
215.0	331.0
248.0	331.0
281.0	331.0
314.0	331.0
347.0	331.0
380.0	331.0
414.0	331.0
447.0	331.0
479.0	331.0
0.0	332.0
3.0	332.0
7.0	332.0
22.0	332.0
49.0	332.0
82.0	332.0
115.0	332.0
148.0	332.0
181.0	332.0
215.0	332.0
248.0	332.0
281.0	332.0
314.0	332.0
347.0	332.0
380.0	332.0
414.0	332.0
447.0	332.0
479.0	332.0
0.0	333.0
3.0	333.0
7.0	333.0
22.0	333.0
49.0	333.0
82.0	333.0
115.0	333.0
148.0	333.0
181.0	333.0
215.0	333.0
248.0	333.0
281.0	333.0
314.0	333.0
347.0	333.0
380.0	333.0
414.0	333.0
0.0	334.0
4.0	334.0
116.0	334.0
315.0	334.0
381.0	334.0
