# first_id = 0
# n = 1024
# dimensions = [1024]
# last_id = 1023
# runtime = 500
1.0	5.0
1.0	6.0
1.0	7.0
1.0	38.0
0.0	469.0
3.0	469.0
7.0	469.0
22.0	469.0
111.0	469.0
145.0	469.0
211.0	469.0
314.0	469.0
379.0	469.0
477.0	469.0
0.0	470.0
3.0	470.0
7.0	470.0
22.0	470.0
111.0	470.0
145.0	470.0
211.0	470.0
314.0	470.0
379.0	470.0
477.0	470.0
0.0	501.0
3.0	501.0
7.0	501.0
22.0	501.0
49.0	501.0
111.0	501.0
145.0	501.0
211.0	501.0
314.0	501.0
379.0	501.0
477.0	501.0
0.0	502.0
3.0	502.0
7.0	502.0
22.0	502.0
49.0	502.0
111.0	502.0
145.0	502.0
211.0	502.0
314.0	502.0
379.0	502.0
477.0	502.0
1.0	506.0
0.0	507.0
3.0	507.0
7.0	507.0
0.0	508.0
3.0	508.0
7.0	508.0
22.0	508.0
49.0	508.0
79.0	508.0
110.0	508.0
145.0	508.0
0.0	509.0
3.0	509.0
7.0	509.0
22.0	509.0
48.0	509.0
79.0	509.0
110.0	509.0
145.0	509.0
0.0	510.0
3.0	510.0
9.0	510.0
1.0	532.0
0.0	533.0
3.0	533.0
7.0	533.0
22.0	533.0
49.0	533.0
111.0	533.0
145.0	533.0
211.0	533.0
314.0	533.0
379.0	533.0
477.0	533.0
0.0	534.0
3.0	534.0
7.0	534.0
22.0	534.0
49.0	534.0
111.0	534.0
145.0	534.0
211.0	534.0
314.0	534.0
379.0	534.0
477.0	534.0
0.0	538.0
4.0	538.0
0.0	539.0
3.0	539.0
7.0	539.0
0.0	540.0
3.0	540.0
7.0	540.0
22.0	540.0
49.0	540.0
79.0	540.0
110.0	540.0
145.0	540.0
0.0	541.0
3.0	541.0
7.0	541.0
22.0	541.0
48.0	541.0
79.0	541.0
110.0	541.0
145.0	541.0
0.0	542.0
3.0	542.0
8.0	542.0
1.0	543.0
1.0	564.0
1.0	565.0
146.0	565.0
146.0	566.0
0.0	645.0
3.0	645.0
7.0	645.0
22.0	645.0
49.0	645.0
79.0	645.0
110.0	645.0
145.0	645.0
177.0	645.0
210.0	645.0
248.0	645.0
276.0	645.0
313.0	645.0
344.0	645.0
378.0	645.0
411.0	645.0
446.0	645.0
476.0	645.0
0.0	646.0
3.0	646.0
7.0	646.0
22.0	646.0
49.0	646.0
79.0	646.0
110.0	646.0
145.0	646.0
177.0	646.0
210.0	646.0
248.0	646.0
276.0	646.0
313.0	646.0
344.0	646.0
378.0	646.0
411.0	646.0
446.0	646.0
476.0	646.0
0.0	647.0
3.0	647.0
7.0	647.0
22.0	647.0
49.0	647.0
79.0	647.0
110.0	647.0
145.0	647.0
177.0	647.0
210.0	647.0
248.0	647.0
276.0	647.0
313.0	647.0
344.0	647.0
378.0	647.0
411.0	647.0
446.0	647.0
476.0	647.0
0.0	648.0
3.0	648.0
7.0	648.0
22.0	648.0
49.0	648.0
79.0	648.0
110.0	648.0
145.0	648.0
177.0	648.0
210.0	648.0
248.0	648.0
276.0	648.0
313.0	648.0
344.0	648.0
378.0	648.0
411.0	648.0
446.0	648.0
476.0	648.0
0.0	649.0
3.0	649.0
7.0	649.0
22.0	649.0
49.0	649.0
79.0	649.0
110.0	649.0
145.0	649.0
177.0	649.0
210.0	649.0
248.0	649.0
276.0	649.0
313.0	649.0
344.0	649.0
378.0	649.0
411.0	649.0
446.0	649.0
476.0	649.0
0.0	650.0
3.0	650.0
7.0	650.0
22.0	650.0
49.0	650.0
79.0	650.0
110.0	650.0
145.0	650.0
177.0	650.0
210.0	650.0
248.0	650.0
276.0	650.0
313.0	650.0
344.0	650.0
378.0	650.0
411.0	650.0
446.0	650.0
476.0	650.0
0.0	651.0
3.0	651.0
7.0	651.0
22.0	651.0
49.0	651.0
79.0	651.0
110.0	651.0
145.0	651.0
177.0	651.0
210.0	651.0
248.0	651.0
276.0	651.0
313.0	651.0
344.0	651.0
378.0	651.0
411.0	651.0
446.0	651.0
476.0	651.0
0.0	652.0
3.0	652.0
7.0	652.0
22.0	652.0
49.0	652.0
79.0	652.0
110.0	652.0
145.0	652.0
177.0	652.0
210.0	652.0
248.0	652.0
276.0	652.0
313.0	652.0
344.0	652.0
378.0	652.0
411.0	652.0
446.0	652.0
476.0	652.0
0.0	653.0
3.0	653.0
7.0	653.0
22.0	653.0
49.0	653.0
79.0	653.0
110.0	653.0
145.0	653.0
177.0	653.0
210.0	653.0
248.0	653.0
276.0	653.0
313.0	653.0
344.0	653.0
378.0	653.0
411.0	653.0
446.0	653.0
476.0	653.0
0.0	654.0
3.0	654.0
7.0	654.0
22.0	654.0
49.0	654.0
79.0	654.0
110.0	654.0
145.0	654.0
177.0	654.0
210.0	654.0
248.0	654.0
276.0	654.0
313.0	654.0
344.0	654.0
378.0	654.0
411.0	654.0
446.0	654.0
476.0	654.0
0.0	655.0
3.0	655.0
7.0	655.0
22.0	655.0
49.0	655.0
79.0	655.0
110.0	655.0
145.0	655.0
177.0	655.0
210.0	655.0
248.0	655.0
276.0	655.0
313.0	655.0
344.0	655.0
378.0	655.0
411.0	655.0
446.0	655.0
476.0	655.0
0.0	656.0
3.0	656.0
7.0	656.0
22.0	656.0
49.0	656.0
79.0	656.0
110.0	656.0
145.0	656.0
177.0	656.0
210.0	656.0
248.0	656.0
276.0	656.0
313.0	656.0
344.0	656.0
378.0	656.0
411.0	656.0
446.0	656.0
476.0	656.0
0.0	657.0
3.0	657.0
7.0	657.0
22.0	657.0
49.0	657.0
79.0	657.0
110.0	657.0
145.0	657.0
177.0	657.0
210.0	657.0
248.0	657.0
276.0	657.0
313.0	657.0
344.0	657.0
378.0	657.0
411.0	657.0
446.0	657.0
476.0	657.0
0.0	658.0
3.0	658.0
7.0	658.0
22.0	658.0
49.0	658.0
79.0	658.0
110.0	658.0
145.0	658.0
177.0	658.0
210.0	658.0
248.0	658.0
276.0	658.0
313.0	658.0
344.0	658.0
378.0	658.0
411.0	658.0
446.0	658.0
476.0	658.0
0.0	659.0
3.0	659.0
7.0	659.0
22.0	659.0
49.0	659.0
79.0	659.0
110.0	659.0
145.0	659.0
177.0	659.0
210.0	659.0
248.0	659.0
276.0	659.0
313.0	659.0
344.0	659.0
378.0	659.0
411.0	659.0
446.0	659.0
476.0	659.0
0.0	660.0
3.0	660.0
7.0	660.0
22.0	660.0
49.0	660.0
79.0	660.0
110.0	660.0
145.0	660.0
177.0	660.0
210.0	660.0
248.0	660.0
276.0	660.0
313.0	660.0
344.0	660.0
378.0	660.0
411.0	660.0
446.0	660.0
476.0	660.0
0.0	661.0
3.0	661.0
7.0	661.0
22.0	661.0
49.0	661.0
79.0	661.0
110.0	661.0
145.0	661.0
177.0	661.0
210.0	661.0
248.0	661.0
276.0	661.0
313.0	661.0
344.0	661.0
378.0	661.0
411.0	661.0
446.0	661.0
476.0	661.0
0.0	662.0
3.0	662.0
7.0	662.0
22.0	662.0
49.0	662.0
79.0	662.0
110.0	662.0
145.0	662.0
177.0	662.0
210.0	662.0
247.0	662.0
276.0	662.0
313.0	662.0
344.0	662.0
378.0	662.0
411.0	662.0
446.0	662.0
476.0	662.0
0.0	677.0
3.0	677.0
7.0	677.0
22.0	677.0
49.0	677.0
79.0	677.0
110.0	677.0
145.0	677.0
177.0	677.0
210.0	677.0
248.0	677.0
276.0	677.0
313.0	677.0
344.0	677.0
378.0	677.0
411.0	677.0
446.0	677.0
476.0	677.0
0.0	678.0
3.0	678.0
7.0	678.0
22.0	678.0
49.0	678.0
79.0	678.0
110.0	678.0
145.0	678.0
177.0	678.0
210.0	678.0
248.0	678.0
276.0	678.0
313.0	678.0
344.0	678.0
378.0	678.0
411.0	678.0
446.0	678.0
476.0	678.0
0.0	679.0
3.0	679.0
7.0	679.0
22.0	679.0
49.0	679.0
79.0	679.0
110.0	679.0
145.0	679.0
177.0	679.0
210.0	679.0
248.0	679.0
276.0	679.0
313.0	679.0
344.0	679.0
378.0	679.0
411.0	679.0
446.0	679.0
476.0	679.0
0.0	680.0
3.0	680.0
7.0	680.0
22.0	680.0
49.0	680.0
79.0	680.0
110.0	680.0
145.0	680.0
177.0	680.0
210.0	680.0
248.0	680.0
276.0	680.0
313.0	680.0
344.0	680.0
378.0	680.0
411.0	680.0
446.0	680.0
476.0	680.0
0.0	681.0
3.0	681.0
7.0	681.0
22.0	681.0
49.0	681.0
79.0	681.0
110.0	681.0
145.0	681.0
177.0	681.0
210.0	681.0
248.0	681.0
276.0	681.0
313.0	681.0
344.0	681.0
378.0	681.0
411.0	681.0
446.0	681.0
476.0	681.0
0.0	682.0
3.0	682.0
7.0	682.0
22.0	682.0
49.0	682.0
79.0	682.0
110.0	682.0
145.0	682.0
177.0	682.0
210.0	682.0
248.0	682.0
276.0	682.0
313.0	682.0
344.0	682.0
378.0	682.0
411.0	682.0
446.0	682.0
476.0	682.0
0.0	683.0
3.0	683.0
7.0	683.0
22.0	683.0
49.0	683.0
79.0	683.0
110.0	683.0
145.0	683.0
177.0	683.0
210.0	683.0
248.0	683.0
276.0	683.0
313.0	683.0
344.0	683.0
378.0	683.0
411.0	683.0
446.0	683.0
476.0	683.0
0.0	684.0
3.0	684.0
7.0	684.0
22.0	684.0
49.0	684.0
79.0	684.0
110.0	684.0
145.0	684.0
177.0	684.0
210.0	684.0
248.0	684.0
276.0	684.0
313.0	684.0
344.0	684.0
378.0	684.0
411.0	684.0
446.0	684.0
476.0	684.0
0.0	685.0
3.0	685.0
7.0	685.0
22.0	685.0
49.0	685.0
79.0	685.0
110.0	685.0
145.0	685.0
177.0	685.0
210.0	685.0
248.0	685.0
276.0	685.0
313.0	685.0
344.0	685.0
378.0	685.0
411.0	685.0
446.0	685.0
476.0	685.0
0.0	686.0
3.0	686.0
7.0	686.0
22.0	686.0
49.0	686.0
79.0	686.0
110.0	686.0
145.0	686.0
177.0	686.0
210.0	686.0
248.0	686.0
276.0	686.0
313.0	686.0
344.0	686.0
378.0	686.0
411.0	686.0
446.0	686.0
476.0	686.0
0.0	687.0
3.0	687.0
7.0	687.0
22.0	687.0
49.0	687.0
79.0	687.0
110.0	687.0
145.0	687.0
177.0	687.0
210.0	687.0
248.0	687.0
276.0	687.0
313.0	687.0
344.0	687.0
378.0	687.0
411.0	687.0
446.0	687.0
476.0	687.0
0.0	688.0
3.0	688.0
7.0	688.0
22.0	688.0
49.0	688.0
79.0	688.0
110.0	688.0
145.0	688.0
177.0	688.0
210.0	688.0
248.0	688.0
276.0	688.0
313.0	688.0
344.0	688.0
378.0	688.0
411.0	688.0
446.0	688.0
476.0	688.0
0.0	689.0
3.0	689.0
7.0	689.0
22.0	689.0
49.0	689.0
79.0	689.0
110.0	689.0
145.0	689.0
177.0	689.0
210.0	689.0
248.0	689.0
276.0	689.0
313.0	689.0
344.0	689.0
378.0	689.0
411.0	689.0
446.0	689.0
476.0	689.0
0.0	690.0
3.0	690.0
7.0	690.0
22.0	690.0
49.0	690.0
79.0	690.0
110.0	690.0
145.0	690.0
177.0	690.0
210.0	690.0
248.0	690.0
276.0	690.0
313.0	690.0
344.0	690.0
378.0	690.0
411.0	690.0
446.0	690.0
476.0	690.0
0.0	691.0
3.0	691.0
7.0	691.0
22.0	691.0
49.0	691.0
79.0	691.0
110.0	691.0
145.0	691.0
177.0	691.0
210.0	691.0
248.0	691.0
276.0	691.0
313.0	691.0
344.0	691.0
378.0	691.0
411.0	691.0
446.0	691.0
476.0	691.0
0.0	692.0
3.0	692.0
7.0	692.0
22.0	692.0
49.0	692.0
79.0	692.0
110.0	692.0
145.0	692.0
177.0	692.0
210.0	692.0
248.0	692.0
276.0	692.0
313.0	692.0
344.0	692.0
378.0	692.0
411.0	692.0
446.0	692.0
476.0	692.0
0.0	693.0
3.0	693.0
7.0	693.0
22.0	693.0
49.0	693.0
79.0	693.0
110.0	693.0
145.0	693.0
177.0	693.0
210.0	693.0
248.0	693.0
276.0	693.0
313.0	693.0
344.0	693.0
378.0	693.0
411.0	693.0
446.0	693.0
476.0	693.0
0.0	694.0
3.0	694.0
7.0	694.0
22.0	694.0
49.0	694.0
79.0	694.0
110.0	694.0
145.0	694.0
177.0	694.0
210.0	694.0
248.0	694.0
276.0	694.0
313.0	694.0
344.0	694.0
378.0	694.0
411.0	694.0
446.0	694.0
476.0	694.0
0.0	709.0
3.0	709.0
7.0	709.0
22.0	709.0
49.0	709.0
79.0	709.0
110.0	709.0
145.0	709.0
177.0	709.0
210.0	709.0
248.0	709.0
276.0	709.0
313.0	709.0
344.0	709.0
378.0	709.0
411.0	709.0
446.0	709.0
476.0	709.0
0.0	710.0
3.0	710.0
7.0	710.0
22.0	710.0
49.0	710.0
79.0	710.0
110.0	710.0
145.0	710.0
177.0	710.0
210.0	710.0
248.0	710.0
276.0	710.0
313.0	710.0
344.0	710.0
378.0	710.0
411.0	710.0
446.0	710.0
476.0	710.0
0.0	711.0
3.0	711.0
7.0	711.0
22.0	711.0
49.0	711.0
79.0	711.0
110.0	711.0
145.0	711.0
177.0	711.0
210.0	711.0
248.0	711.0
276.0	711.0
313.0	711.0
344.0	711.0
378.0	711.0
411.0	711.0
446.0	711.0
476.0	711.0
0.0	712.0
3.0	712.0
7.0	712.0
22.0	712.0
49.0	712.0
79.0	712.0
110.0	712.0
145.0	712.0
177.0	712.0
210.0	712.0
248.0	712.0
276.0	712.0
313.0	712.0
344.0	712.0
378.0	712.0
411.0	712.0
446.0	712.0
476.0	712.0
0.0	713.0
3.0	713.0
7.0	713.0
22.0	713.0
49.0	713.0
79.0	713.0
110.0	713.0
145.0	713.0
177.0	713.0
210.0	713.0
248.0	713.0
276.0	713.0
313.0	713.0
344.0	713.0
378.0	713.0
411.0	713.0
446.0	713.0
476.0	713.0
0.0	714.0
3.0	714.0
7.0	714.0
22.0	714.0
49.0	714.0
79.0	714.0
110.0	714.0
145.0	714.0
177.0	714.0
210.0	714.0
248.0	714.0
276.0	714.0
313.0	714.0
344.0	714.0
378.0	714.0
411.0	714.0
446.0	714.0
476.0	714.0
0.0	715.0
3.0	715.0
7.0	715.0
22.0	715.0
49.0	715.0
79.0	715.0
110.0	715.0
145.0	715.0
177.0	715.0
210.0	715.0
248.0	715.0
276.0	715.0
313.0	715.0
344.0	715.0
378.0	715.0
411.0	715.0
446.0	715.0
476.0	715.0
0.0	716.0
3.0	716.0
7.0	716.0
22.0	716.0
49.0	716.0
79.0	716.0
110.0	716.0
145.0	716.0
177.0	716.0
210.0	716.0
248.0	716.0
276.0	716.0
313.0	716.0
344.0	716.0
378.0	716.0
411.0	716.0
446.0	716.0
476.0	716.0
0.0	717.0
3.0	717.0
7.0	717.0
22.0	717.0
49.0	717.0
79.0	717.0
110.0	717.0
145.0	717.0
177.0	717.0
210.0	717.0
248.0	717.0
276.0	717.0
313.0	717.0
344.0	717.0
378.0	717.0
411.0	717.0
446.0	717.0
476.0	717.0
0.0	718.0
3.0	718.0
7.0	718.0
22.0	718.0
49.0	718.0
79.0	718.0
110.0	718.0
145.0	718.0
177.0	718.0
210.0	718.0
248.0	718.0
276.0	718.0
313.0	718.0
344.0	718.0
378.0	718.0
411.0	718.0
446.0	718.0
476.0	718.0
0.0	719.0
3.0	719.0
7.0	719.0
22.0	719.0
49.0	719.0
79.0	719.0
110.0	719.0
145.0	719.0
177.0	719.0
210.0	719.0
248.0	719.0
276.0	719.0
313.0	719.0
344.0	719.0
378.0	719.0
411.0	719.0
446.0	719.0
476.0	719.0
0.0	720.0
3.0	720.0
7.0	720.0
22.0	720.0
49.0	720.0
79.0	720.0
110.0	720.0
145.0	720.0
177.0	720.0
210.0	720.0
248.0	720.0
276.0	720.0
313.0	720.0
344.0	720.0
378.0	720.0
411.0	720.0
446.0	720.0
476.0	720.0
0.0	721.0
3.0	721.0
7.0	721.0
22.0	721.0
49.0	721.0
79.0	721.0
110.0	721.0
145.0	721.0
177.0	721.0
210.0	721.0
248.0	721.0
276.0	721.0
313.0	721.0
344.0	721.0
378.0	721.0
411.0	721.0
446.0	721.0
476.0	721.0
0.0	722.0
3.0	722.0
7.0	722.0
22.0	722.0
49.0	722.0
79.0	722.0
110.0	722.0
145.0	722.0
177.0	722.0
210.0	722.0
248.0	722.0
276.0	722.0
313.0	722.0
344.0	722.0
378.0	722.0
411.0	722.0
446.0	722.0
476.0	722.0
0.0	723.0
3.0	723.0
7.0	723.0
22.0	723.0
49.0	723.0
79.0	723.0
110.0	723.0
145.0	723.0
177.0	723.0
210.0	723.0
248.0	723.0
276.0	723.0
313.0	723.0
344.0	723.0
378.0	723.0
411.0	723.0
446.0	723.0
476.0	723.0
0.0	724.0
3.0	724.0
7.0	724.0
22.0	724.0
49.0	724.0
79.0	724.0
110.0	724.0
145.0	724.0
177.0	724.0
210.0	724.0
248.0	724.0
276.0	724.0
313.0	724.0
344.0	724.0
378.0	724.0
411.0	724.0
446.0	724.0
476.0	724.0
0.0	725.0
3.0	725.0
7.0	725.0
22.0	725.0
49.0	725.0
79.0	725.0
110.0	725.0
145.0	725.0
177.0	725.0
210.0	725.0
248.0	725.0
276.0	725.0
313.0	725.0
344.0	725.0
378.0	725.0
411.0	725.0
446.0	725.0
476.0	725.0
0.0	726.0
3.0	726.0
7.0	726.0
22.0	726.0
49.0	726.0
79.0	726.0
110.0	726.0
145.0	726.0
177.0	726.0
210.0	726.0
248.0	726.0
276.0	726.0
313.0	726.0
344.0	726.0
378.0	726.0
411.0	726.0
446.0	726.0
476.0	726.0
0.0	741.0
3.0	741.0
7.0	741.0
22.0	741.0
49.0	741.0
79.0	741.0
110.0	741.0
145.0	741.0
177.0	741.0
210.0	741.0
248.0	741.0
276.0	741.0
313.0	741.0
344.0	741.0
378.0	741.0
411.0	741.0
446.0	741.0
476.0	741.0
0.0	742.0
3.0	742.0
7.0	742.0
22.0	742.0
49.0	742.0
79.0	742.0
110.0	742.0
145.0	742.0
177.0	742.0
210.0	742.0
248.0	742.0
276.0	742.0
313.0	742.0
344.0	742.0
378.0	742.0
411.0	742.0
446.0	742.0
476.0	742.0
0.0	743.0
3.0	743.0
7.0	743.0
22.0	743.0
49.0	743.0
79.0	743.0
110.0	743.0
145.0	743.0
177.0	743.0
210.0	743.0
248.0	743.0
276.0	743.0
313.0	743.0
344.0	743.0
378.0	743.0
411.0	743.0
446.0	743.0
476.0	743.0
0.0	744.0
3.0	744.0
7.0	744.0
22.0	744.0
49.0	744.0
79.0	744.0
110.0	744.0
145.0	744.0
177.0	744.0
210.0	744.0
248.0	744.0
276.0	744.0
313.0	744.0
344.0	744.0
378.0	744.0
411.0	744.0
446.0	744.0
476.0	744.0
0.0	745.0
3.0	745.0
7.0	745.0
22.0	745.0
49.0	745.0
79.0	745.0
110.0	745.0
145.0	745.0
177.0	745.0
210.0	745.0
248.0	745.0
276.0	745.0
313.0	745.0
344.0	745.0
378.0	745.0
411.0	745.0
446.0	745.0
476.0	745.0
0.0	746.0
3.0	746.0
7.0	746.0
22.0	746.0
49.0	746.0
79.0	746.0
110.0	746.0
145.0	746.0
177.0	746.0
210.0	746.0
248.0	746.0
276.0	746.0
313.0	746.0
344.0	746.0
378.0	746.0
411.0	746.0
446.0	746.0
476.0	746.0
0.0	747.0
3.0	747.0
7.0	747.0
22.0	747.0
49.0	747.0
79.0	747.0
110.0	747.0
145.0	747.0
177.0	747.0
210.0	747.0
248.0	747.0
276.0	747.0
313.0	747.0
344.0	747.0
378.0	747.0
411.0	747.0
446.0	747.0
476.0	747.0
0.0	748.0
3.0	748.0
7.0	748.0
22.0	748.0
49.0	748.0
79.0	748.0
110.0	748.0
145.0	748.0
177.0	748.0
210.0	748.0
248.0	748.0
276.0	748.0
313.0	748.0
344.0	748.0
378.0	748.0
411.0	748.0
446.0	748.0
476.0	748.0
0.0	749.0
3.0	749.0
7.0	749.0
22.0	749.0
49.0	749.0
79.0	749.0
110.0	749.0
145.0	749.0
177.0	749.0
210.0	749.0
248.0	749.0
276.0	749.0
313.0	749.0
344.0	749.0
378.0	749.0
411.0	749.0
446.0	749.0
476.0	749.0
0.0	750.0
3.0	750.0
7.0	750.0
22.0	750.0
49.0	750.0
79.0	750.0
110.0	750.0
145.0	750.0
177.0	750.0
210.0	750.0
248.0	750.0
276.0	750.0
313.0	750.0
344.0	750.0
378.0	750.0
411.0	750.0
446.0	750.0
476.0	750.0
0.0	751.0
3.0	751.0
7.0	751.0
22.0	751.0
49.0	751.0
79.0	751.0
110.0	751.0
145.0	751.0
177.0	751.0
210.0	751.0
248.0	751.0
276.0	751.0
313.0	751.0
344.0	751.0
378.0	751.0
411.0	751.0
446.0	751.0
476.0	751.0
0.0	752.0
3.0	752.0
7.0	752.0
22.0	752.0
49.0	752.0
79.0	752.0
110.0	752.0
145.0	752.0
177.0	752.0
210.0	752.0
248.0	752.0
276.0	752.0
313.0	752.0
344.0	752.0
378.0	752.0
411.0	752.0
446.0	752.0
476.0	752.0
0.0	753.0
3.0	753.0
7.0	753.0
22.0	753.0
49.0	753.0
79.0	753.0
110.0	753.0
145.0	753.0
177.0	753.0
210.0	753.0
248.0	753.0
276.0	753.0
313.0	753.0
344.0	753.0
378.0	753.0
411.0	753.0
446.0	753.0
476.0	753.0
0.0	754.0
3.0	754.0
7.0	754.0
22.0	754.0
49.0	754.0
79.0	754.0
110.0	754.0
145.0	754.0
177.0	754.0
210.0	754.0
248.0	754.0
276.0	754.0
313.0	754.0
344.0	754.0
378.0	754.0
411.0	754.0
446.0	754.0
476.0	754.0
0.0	755.0
3.0	755.0
7.0	755.0
22.0	755.0
49.0	755.0
79.0	755.0
110.0	755.0
145.0	755.0
177.0	755.0
210.0	755.0
248.0	755.0
276.0	755.0
313.0	755.0
344.0	755.0
378.0	755.0
411.0	755.0
446.0	755.0
476.0	755.0
0.0	756.0
3.0	756.0
7.0	756.0
22.0	756.0
49.0	756.0
79.0	756.0
110.0	756.0
145.0	756.0
177.0	756.0
210.0	756.0
248.0	756.0
276.0	756.0
313.0	756.0
344.0	756.0
378.0	756.0
411.0	756.0
446.0	756.0
476.0	756.0
0.0	757.0
3.0	757.0
7.0	757.0
22.0	757.0
49.0	757.0
79.0	757.0
110.0	757.0
145.0	757.0
177.0	757.0
210.0	757.0
248.0	757.0
276.0	757.0
313.0	757.0
344.0	757.0
378.0	757.0
411.0	757.0
446.0	757.0
476.0	757.0
0.0	758.0
3.0	758.0
7.0	758.0
22.0	758.0
49.0	758.0
79.0	758.0
110.0	758.0
145.0	758.0
177.0	758.0
210.0	758.0
248.0	758.0
276.0	758.0
313.0	758.0
344.0	758.0
378.0	758.0
411.0	758.0
446.0	758.0
476.0	758.0
0.0	773.0
3.0	773.0
7.0	773.0
22.0	773.0
49.0	773.0
79.0	773.0
110.0	773.0
145.0	773.0
177.0	773.0
210.0	773.0
248.0	773.0
276.0	773.0
313.0	773.0
344.0	773.0
378.0	773.0
411.0	773.0
446.0	773.0
476.0	773.0
0.0	774.0
3.0	774.0
7.0	774.0
22.0	774.0
49.0	774.0
79.0	774.0
110.0	774.0
145.0	774.0
177.0	774.0
210.0	774.0
248.0	774.0
276.0	774.0
313.0	774.0
344.0	774.0
378.0	774.0
411.0	774.0
446.0	774.0
476.0	774.0
0.0	775.0
3.0	775.0
7.0	775.0
22.0	775.0
49.0	775.0
79.0	775.0
110.0	775.0
145.0	775.0
177.0	775.0
210.0	775.0
248.0	775.0
276.0	775.0
313.0	775.0
344.0	775.0
378.0	775.0
411.0	775.0
446.0	775.0
476.0	775.0
0.0	776.0
3.0	776.0
7.0	776.0
22.0	776.0
49.0	776.0
79.0	776.0
110.0	776.0
145.0	776.0
177.0	776.0
210.0	776.0
248.0	776.0
276.0	776.0
313.0	776.0
344.0	776.0
378.0	776.0
411.0	776.0
446.0	776.0
476.0	776.0
0.0	777.0
3.0	777.0
7.0	777.0
22.0	777.0
49.0	777.0
79.0	777.0
110.0	777.0
145.0	777.0
177.0	777.0
210.0	777.0
248.0	777.0
276.0	777.0
313.0	777.0
344.0	777.0
378.0	777.0
411.0	777.0
446.0	777.0
476.0	777.0
0.0	778.0
3.0	778.0
7.0	778.0
22.0	778.0
49.0	778.0
79.0	778.0
110.0	778.0
145.0	778.0
177.0	778.0
210.0	778.0
248.0	778.0
276.0	778.0
313.0	778.0
344.0	778.0
378.0	778.0
411.0	778.0
446.0	778.0
476.0	778.0
0.0	779.0
3.0	779.0
7.0	779.0
22.0	779.0
49.0	779.0
79.0	779.0
110.0	779.0
145.0	779.0
177.0	779.0
210.0	779.0
248.0	779.0
276.0	779.0
313.0	779.0
344.0	779.0
378.0	779.0
411.0	779.0
446.0	779.0
476.0	779.0
0.0	780.0
3.0	780.0
7.0	780.0
22.0	780.0
49.0	780.0
79.0	780.0
110.0	780.0
145.0	780.0
177.0	780.0
210.0	780.0
248.0	780.0
276.0	780.0
313.0	780.0
344.0	780.0
378.0	780.0
411.0	780.0
446.0	780.0
476.0	780.0
0.0	781.0
3.0	781.0
7.0	781.0
22.0	781.0
49.0	781.0
79.0	781.0
110.0	781.0
145.0	781.0
177.0	781.0
210.0	781.0
248.0	781.0
276.0	781.0
313.0	781.0
344.0	781.0
378.0	781.0
411.0	781.0
446.0	781.0
476.0	781.0
0.0	782.0
3.0	782.0
7.0	782.0
22.0	782.0
49.0	782.0
79.0	782.0
110.0	782.0
145.0	782.0
177.0	782.0
210.0	782.0
248.0	782.0
276.0	782.0
313.0	782.0
344.0	782.0
378.0	782.0
411.0	782.0
446.0	782.0
476.0	782.0
0.0	783.0
3.0	783.0
7.0	783.0
22.0	783.0
49.0	783.0
79.0	783.0
110.0	783.0
145.0	783.0
177.0	783.0
210.0	783.0
248.0	783.0
276.0	783.0
313.0	783.0
344.0	783.0
378.0	783.0
411.0	783.0
446.0	783.0
476.0	783.0
0.0	784.0
3.0	784.0
7.0	784.0
22.0	784.0
49.0	784.0
79.0	784.0
110.0	784.0
145.0	784.0
177.0	784.0
210.0	784.0
248.0	784.0
276.0	784.0
313.0	784.0
344.0	784.0
378.0	784.0
411.0	784.0
446.0	784.0
476.0	784.0
0.0	785.0
3.0	785.0
7.0	785.0
22.0	785.0
49.0	785.0
79.0	785.0
110.0	785.0
145.0	785.0
177.0	785.0
210.0	785.0
248.0	785.0
276.0	785.0
313.0	785.0
344.0	785.0
378.0	785.0
411.0	785.0
446.0	785.0
476.0	785.0
0.0	786.0
3.0	786.0
7.0	786.0
22.0	786.0
49.0	786.0
79.0	786.0
110.0	786.0
145.0	786.0
177.0	786.0
210.0	786.0
248.0	786.0
276.0	786.0
313.0	786.0
344.0	786.0
378.0	786.0
411.0	786.0
446.0	786.0
476.0	786.0
0.0	787.0
3.0	787.0
7.0	787.0
22.0	787.0
49.0	787.0
79.0	787.0
110.0	787.0
145.0	787.0
177.0	787.0
210.0	787.0
248.0	787.0
276.0	787.0
313.0	787.0
344.0	787.0
378.0	787.0
411.0	787.0
446.0	787.0
476.0	787.0
0.0	788.0
3.0	788.0
7.0	788.0
22.0	788.0
49.0	788.0
79.0	788.0
110.0	788.0
145.0	788.0
177.0	788.0
210.0	788.0
248.0	788.0
276.0	788.0
313.0	788.0
344.0	788.0
378.0	788.0
411.0	788.0
446.0	788.0
476.0	788.0
0.0	789.0
3.0	789.0
7.0	789.0
22.0	789.0
49.0	789.0
79.0	789.0
110.0	789.0
145.0	789.0
177.0	789.0
210.0	789.0
248.0	789.0
276.0	789.0
313.0	789.0
344.0	789.0
378.0	789.0
411.0	789.0
446.0	789.0
476.0	789.0
0.0	790.0
3.0	790.0
7.0	790.0
22.0	790.0
49.0	790.0
79.0	790.0
110.0	790.0
145.0	790.0
177.0	790.0
210.0	790.0
248.0	790.0
276.0	790.0
313.0	790.0
344.0	790.0
378.0	790.0
411.0	790.0
446.0	790.0
476.0	790.0
0.0	916.0
3.0	916.0
7.0	916.0
0.0	917.0
3.0	917.0
7.0	917.0
22.0	917.0
111.0	917.0
145.0	917.0
211.0	917.0
345.0	917.0
447.0	917.0
476.0	917.0
0.0	918.0
3.0	918.0
7.0	918.0
249.0	947.0
0.0	948.0
3.0	948.0
7.0	948.0
22.0	948.0
111.0	948.0
145.0	948.0
211.0	948.0
248.0	948.0
345.0	948.0
447.0	948.0
476.0	948.0
0.0	949.0
3.0	949.0
7.0	949.0
22.0	949.0
111.0	949.0
145.0	949.0
211.0	949.0
345.0	949.0
447.0	949.0
476.0	949.0
0.0	950.0
3.0	950.0
7.0	950.0
22.0	950.0
111.0	950.0
145.0	950.0
211.0	950.0
345.0	950.0
447.0	950.0
476.0	950.0
0.0	980.0
3.0	980.0
7.0	980.0
0.0	981.0
3.0	981.0
7.0	981.0
22.0	981.0
111.0	981.0
145.0	981.0
211.0	981.0
345.0	981.0
447.0	981.0
476.0	981.0
0.0	982.0
3.0	982.0
7.0	982.0
