# first_id = 0
# n = 4096
# dimensions = [4096]
# last_id = 4095
# runtime = 500
0.0	675.0
3.0	675.0
7.0	675.0
11.0	675.0
44.0	675.0
76.0	675.0
144.0	675.0
210.0	675.0
276.0	675.0
308.0	675.0
409.0	675.0
441.0	675.0
474.0	675.0
0.0	676.0
3.0	676.0
7.0	676.0
11.0	676.0
44.0	676.0
76.0	676.0
144.0	676.0
210.0	676.0
276.0	676.0
308.0	676.0
409.0	676.0
441.0	676.0
474.0	676.0
0.0	677.0
3.0	677.0
7.0	677.0
11.0	677.0
44.0	677.0
76.0	677.0
110.0	677.0
143.0	677.0
176.0	677.0
209.0	677.0
242.0	677.0
275.0	677.0
308.0	677.0
342.0	677.0
375.0	677.0
408.0	677.0
441.0	677.0
474.0	677.0
0.0	678.0
3.0	678.0
7.0	678.0
11.0	678.0
44.0	678.0
76.0	678.0
110.0	678.0
143.0	678.0
176.0	678.0
209.0	678.0
242.0	678.0
275.0	678.0
308.0	678.0
342.0	678.0
375.0	678.0
408.0	678.0
441.0	678.0
474.0	678.0
0.0	679.0
3.0	679.0
7.0	679.0
11.0	679.0
44.0	679.0
76.0	679.0
110.0	679.0
143.0	679.0
176.0	679.0
209.0	679.0
242.0	679.0
275.0	679.0
308.0	679.0
342.0	679.0
375.0	679.0
408.0	679.0
441.0	679.0
474.0	679.0
0.0	680.0
3.0	680.0
7.0	680.0
11.0	680.0
44.0	680.0
76.0	680.0
110.0	680.0
143.0	680.0
176.0	680.0
209.0	680.0
242.0	680.0
275.0	680.0
308.0	680.0
342.0	680.0
375.0	680.0
408.0	680.0
441.0	680.0
474.0	680.0
0.0	681.0
3.0	681.0
7.0	681.0
11.0	681.0
44.0	681.0
76.0	681.0
110.0	681.0
143.0	681.0
176.0	681.0
209.0	681.0
242.0	681.0
275.0	681.0
308.0	681.0
342.0	681.0
375.0	681.0
408.0	681.0
441.0	681.0
474.0	681.0
0.0	682.0
3.0	682.0
7.0	682.0
11.0	682.0
44.0	682.0
76.0	682.0
110.0	682.0
143.0	682.0
176.0	682.0
209.0	682.0
242.0	682.0
275.0	682.0
308.0	682.0
342.0	682.0
375.0	682.0
408.0	682.0
441.0	682.0
474.0	682.0
0.0	683.0
3.0	683.0
7.0	683.0
11.0	683.0
44.0	683.0
76.0	683.0
110.0	683.0
143.0	683.0
176.0	683.0
209.0	683.0
242.0	683.0
275.0	683.0
308.0	683.0
342.0	683.0
375.0	683.0
408.0	683.0
441.0	683.0
474.0	683.0
0.0	684.0
3.0	684.0
7.0	684.0
11.0	684.0
43.0	684.0
76.0	684.0
110.0	684.0
143.0	684.0
176.0	684.0
209.0	684.0
242.0	684.0
275.0	684.0
308.0	684.0
342.0	684.0
375.0	684.0
408.0	684.0
441.0	684.0
474.0	684.0
0.0	734.0
3.0	734.0
7.0	734.0
11.0	734.0
44.0	734.0
76.0	734.0
144.0	734.0
210.0	734.0
276.0	734.0
308.0	734.0
409.0	734.0
441.0	734.0
474.0	734.0
0.0	735.0
3.0	735.0
7.0	735.0
11.0	735.0
44.0	735.0
76.0	735.0
110.0	735.0
143.0	735.0
176.0	735.0
209.0	735.0
242.0	735.0
275.0	735.0
308.0	735.0
342.0	735.0
375.0	735.0
408.0	735.0
441.0	735.0
474.0	735.0
0.0	736.0
3.0	736.0
7.0	736.0
11.0	736.0
44.0	736.0
76.0	736.0
110.0	736.0
143.0	736.0
176.0	736.0
209.0	736.0
242.0	736.0
275.0	736.0
308.0	736.0
342.0	736.0
375.0	736.0
408.0	736.0
441.0	736.0
474.0	736.0
0.0	737.0
3.0	737.0
7.0	737.0
11.0	737.0
44.0	737.0
76.0	737.0
110.0	737.0
143.0	737.0
176.0	737.0
209.0	737.0
242.0	737.0
275.0	737.0
308.0	737.0
342.0	737.0
375.0	737.0
408.0	737.0
441.0	737.0
474.0	737.0
0.0	738.0
3.0	738.0
7.0	738.0
11.0	738.0
44.0	738.0
76.0	738.0
110.0	738.0
143.0	738.0
176.0	738.0
209.0	738.0
242.0	738.0
275.0	738.0
308.0	738.0
342.0	738.0
375.0	738.0
408.0	738.0
441.0	738.0
474.0	738.0
0.0	739.0
3.0	739.0
7.0	739.0
11.0	739.0
44.0	739.0
76.0	739.0
110.0	739.0
143.0	739.0
176.0	739.0
209.0	739.0
242.0	739.0
275.0	739.0
308.0	739.0
342.0	739.0
375.0	739.0
408.0	739.0
441.0	739.0
474.0	739.0
0.0	740.0
3.0	740.0
7.0	740.0
11.0	740.0
44.0	740.0
76.0	740.0
110.0	740.0
143.0	740.0
176.0	740.0
209.0	740.0
242.0	740.0
275.0	740.0
308.0	740.0
342.0	740.0
375.0	740.0
408.0	740.0
441.0	740.0
474.0	740.0
0.0	741.0
3.0	741.0
7.0	741.0
11.0	741.0
44.0	741.0
76.0	741.0
110.0	741.0
143.0	741.0
176.0	741.0
209.0	741.0
242.0	741.0
275.0	741.0
308.0	741.0
342.0	741.0
375.0	741.0
408.0	741.0
441.0	741.0
474.0	741.0
0.0	742.0
3.0	742.0
7.0	742.0
11.0	742.0
44.0	742.0
76.0	742.0
110.0	742.0
143.0	742.0
176.0	742.0
209.0	742.0
242.0	742.0
275.0	742.0
308.0	742.0
342.0	742.0
375.0	742.0
408.0	742.0
441.0	742.0
474.0	742.0
0.0	743.0
3.0	743.0
7.0	743.0
11.0	743.0
44.0	743.0
76.0	743.0
110.0	743.0
143.0	743.0
176.0	743.0
209.0	743.0
242.0	743.0
275.0	743.0
308.0	743.0
342.0	743.0
375.0	743.0
408.0	743.0
441.0	743.0
474.0	743.0
0.0	744.0
3.0	744.0
7.0	744.0
11.0	744.0
44.0	744.0
76.0	744.0
110.0	744.0
143.0	744.0
176.0	744.0
209.0	744.0
242.0	744.0
275.0	744.0
308.0	744.0
342.0	744.0
375.0	744.0
408.0	744.0
441.0	744.0
474.0	744.0
0.0	745.0
3.0	745.0
7.0	745.0
11.0	745.0
44.0	745.0
76.0	745.0
110.0	745.0
143.0	745.0
176.0	745.0
209.0	745.0
242.0	745.0
275.0	745.0
308.0	745.0
342.0	745.0
375.0	745.0
408.0	745.0
441.0	745.0
474.0	745.0
0.0	746.0
3.0	746.0
7.0	746.0
11.0	746.0
44.0	746.0
76.0	746.0
110.0	746.0
143.0	746.0
176.0	746.0
209.0	746.0
242.0	746.0
275.0	746.0
308.0	746.0
342.0	746.0
375.0	746.0
408.0	746.0
441.0	746.0
474.0	746.0
0.0	747.0
3.0	747.0
7.0	747.0
11.0	747.0
44.0	747.0
76.0	747.0
110.0	747.0
143.0	747.0
176.0	747.0
209.0	747.0
242.0	747.0
275.0	747.0
308.0	747.0
342.0	747.0
375.0	747.0
408.0	747.0
441.0	747.0
474.0	747.0
0.0	748.0
3.0	748.0
7.0	748.0
11.0	748.0
43.0	748.0
76.0	748.0
110.0	748.0
143.0	748.0
176.0	748.0
209.0	748.0
242.0	748.0
275.0	748.0
308.0	748.0
342.0	748.0
375.0	748.0
408.0	748.0
441.0	748.0
474.0	748.0
0.0	793.0
3.0	793.0
7.0	793.0
11.0	793.0
44.0	793.0
76.0	793.0
144.0	793.0
210.0	793.0
276.0	793.0
308.0	793.0
409.0	793.0
441.0	793.0
474.0	793.0
0.0	794.0
3.0	794.0
7.0	794.0
11.0	794.0
44.0	794.0
76.0	794.0
110.0	794.0
143.0	794.0
176.0	794.0
209.0	794.0
242.0	794.0
275.0	794.0
308.0	794.0
342.0	794.0
375.0	794.0
408.0	794.0
441.0	794.0
474.0	794.0
0.0	795.0
3.0	795.0
7.0	795.0
11.0	795.0
44.0	795.0
76.0	795.0
110.0	795.0
143.0	795.0
176.0	795.0
209.0	795.0
242.0	795.0
275.0	795.0
308.0	795.0
342.0	795.0
375.0	795.0
408.0	795.0
441.0	795.0
474.0	795.0
0.0	796.0
3.0	796.0
7.0	796.0
11.0	796.0
44.0	796.0
76.0	796.0
110.0	796.0
143.0	796.0
176.0	796.0
209.0	796.0
242.0	796.0
275.0	796.0
308.0	796.0
342.0	796.0
375.0	796.0
408.0	796.0
441.0	796.0
474.0	796.0
0.0	797.0
3.0	797.0
7.0	797.0
11.0	797.0
44.0	797.0
76.0	797.0
110.0	797.0
143.0	797.0
176.0	797.0
209.0	797.0
242.0	797.0
275.0	797.0
308.0	797.0
342.0	797.0
375.0	797.0
408.0	797.0
441.0	797.0
474.0	797.0
0.0	798.0
3.0	798.0
7.0	798.0
11.0	798.0
44.0	798.0
76.0	798.0
110.0	798.0
143.0	798.0
176.0	798.0
209.0	798.0
242.0	798.0
275.0	798.0
308.0	798.0
342.0	798.0
375.0	798.0
408.0	798.0
441.0	798.0
474.0	798.0
0.0	799.0
3.0	799.0
7.0	799.0
11.0	799.0
44.0	799.0
76.0	799.0
110.0	799.0
143.0	799.0
176.0	799.0
209.0	799.0
242.0	799.0
275.0	799.0
308.0	799.0
342.0	799.0
375.0	799.0
408.0	799.0
441.0	799.0
474.0	799.0
0.0	800.0
3.0	800.0
7.0	800.0
11.0	800.0
44.0	800.0
76.0	800.0
110.0	800.0
143.0	800.0
176.0	800.0
209.0	800.0
242.0	800.0
275.0	800.0
308.0	800.0
342.0	800.0
375.0	800.0
408.0	800.0
441.0	800.0
474.0	800.0
0.0	801.0
3.0	801.0
7.0	801.0
11.0	801.0
44.0	801.0
76.0	801.0
110.0	801.0
143.0	801.0
176.0	801.0
209.0	801.0
242.0	801.0
275.0	801.0
308.0	801.0
342.0	801.0
375.0	801.0
408.0	801.0
441.0	801.0
474.0	801.0
0.0	802.0
3.0	802.0
7.0	802.0
11.0	802.0
44.0	802.0
76.0	802.0
110.0	802.0
143.0	802.0
176.0	802.0
209.0	802.0
242.0	802.0
275.0	802.0
308.0	802.0
342.0	802.0
375.0	802.0
408.0	802.0
441.0	802.0
474.0	802.0
0.0	803.0
3.0	803.0
7.0	803.0
11.0	803.0
44.0	803.0
76.0	803.0
110.0	803.0
143.0	803.0
176.0	803.0
209.0	803.0
242.0	803.0
275.0	803.0
308.0	803.0
342.0	803.0
375.0	803.0
408.0	803.0
441.0	803.0
474.0	803.0
0.0	804.0
3.0	804.0
7.0	804.0
11.0	804.0
44.0	804.0
76.0	804.0
110.0	804.0
143.0	804.0
176.0	804.0
209.0	804.0
242.0	804.0
275.0	804.0
308.0	804.0
342.0	804.0
375.0	804.0
408.0	804.0
441.0	804.0
474.0	804.0
0.0	805.0
3.0	805.0
7.0	805.0
11.0	805.0
44.0	805.0
76.0	805.0
110.0	805.0
143.0	805.0
176.0	805.0
209.0	805.0
242.0	805.0
275.0	805.0
308.0	805.0
342.0	805.0
375.0	805.0
408.0	805.0
441.0	805.0
474.0	805.0
0.0	806.0
3.0	806.0
7.0	806.0
11.0	806.0
44.0	806.0
76.0	806.0
110.0	806.0
143.0	806.0
176.0	806.0
209.0	806.0
242.0	806.0
275.0	806.0
308.0	806.0
342.0	806.0
375.0	806.0
408.0	806.0
441.0	806.0
474.0	806.0
0.0	807.0
3.0	807.0
7.0	807.0
11.0	807.0
44.0	807.0
76.0	807.0
110.0	807.0
143.0	807.0
176.0	807.0
209.0	807.0
242.0	807.0
275.0	807.0
308.0	807.0
342.0	807.0
375.0	807.0
408.0	807.0
441.0	807.0
474.0	807.0
0.0	808.0
3.0	808.0
7.0	808.0
11.0	808.0
44.0	808.0
76.0	808.0
110.0	808.0
143.0	808.0
176.0	808.0
209.0	808.0
242.0	808.0
275.0	808.0
308.0	808.0
342.0	808.0
375.0	808.0
408.0	808.0
441.0	808.0
474.0	808.0
0.0	809.0
3.0	809.0
7.0	809.0
11.0	809.0
44.0	809.0
76.0	809.0
110.0	809.0
143.0	809.0
176.0	809.0
209.0	809.0
242.0	809.0
275.0	809.0
308.0	809.0
342.0	809.0
375.0	809.0
408.0	809.0
441.0	809.0
474.0	809.0
0.0	810.0
3.0	810.0
7.0	810.0
11.0	810.0
44.0	810.0
76.0	810.0
110.0	810.0
143.0	810.0
176.0	810.0
209.0	810.0
242.0	810.0
275.0	810.0
308.0	810.0
342.0	810.0
375.0	810.0
408.0	810.0
441.0	810.0
474.0	810.0
0.0	811.0
3.0	811.0
7.0	811.0
11.0	811.0
44.0	811.0
76.0	811.0
110.0	811.0
143.0	811.0
176.0	811.0
209.0	811.0
242.0	811.0
275.0	811.0
308.0	811.0
342.0	811.0
375.0	811.0
408.0	811.0
441.0	811.0
474.0	811.0
0.0	812.0
3.0	812.0
7.0	812.0
11.0	812.0
44.0	812.0
76.0	812.0
110.0	812.0
143.0	812.0
176.0	812.0
209.0	812.0
242.0	812.0
275.0	812.0
308.0	812.0
342.0	812.0
375.0	812.0
408.0	812.0
441.0	812.0
474.0	812.0
0.0	853.0
3.0	853.0
7.0	853.0
11.0	853.0
44.0	853.0
76.0	853.0
110.0	853.0
143.0	853.0
176.0	853.0
209.0	853.0
242.0	853.0
275.0	853.0
308.0	853.0
342.0	853.0
375.0	853.0
408.0	853.0
441.0	853.0
474.0	853.0
0.0	854.0
3.0	854.0
7.0	854.0
11.0	854.0
44.0	854.0
76.0	854.0
110.0	854.0
143.0	854.0
176.0	854.0
209.0	854.0
242.0	854.0
275.0	854.0
308.0	854.0
342.0	854.0
375.0	854.0
408.0	854.0
441.0	854.0
474.0	854.0
0.0	855.0
3.0	855.0
7.0	855.0
11.0	855.0
44.0	855.0
76.0	855.0
110.0	855.0
143.0	855.0
176.0	855.0
209.0	855.0
242.0	855.0
275.0	855.0
308.0	855.0
342.0	855.0
375.0	855.0
408.0	855.0
441.0	855.0
474.0	855.0
0.0	856.0
3.0	856.0
7.0	856.0
11.0	856.0
44.0	856.0
76.0	856.0
110.0	856.0
143.0	856.0
176.0	856.0
209.0	856.0
242.0	856.0
275.0	856.0
308.0	856.0
342.0	856.0
375.0	856.0
408.0	856.0
441.0	856.0
474.0	856.0
0.0	857.0
3.0	857.0
7.0	857.0
11.0	857.0
44.0	857.0
76.0	857.0
110.0	857.0
143.0	857.0
176.0	857.0
209.0	857.0
242.0	857.0
275.0	857.0
308.0	857.0
342.0	857.0
375.0	857.0
408.0	857.0
441.0	857.0
474.0	857.0
0.0	858.0
3.0	858.0
7.0	858.0
11.0	858.0
44.0	858.0
76.0	858.0
110.0	858.0
143.0	858.0
176.0	858.0
209.0	858.0
242.0	858.0
275.0	858.0
308.0	858.0
342.0	858.0
375.0	858.0
408.0	858.0
441.0	858.0
474.0	858.0
0.0	859.0
3.0	859.0
7.0	859.0
11.0	859.0
44.0	859.0
76.0	859.0
110.0	859.0
143.0	859.0
176.0	859.0
209.0	859.0
242.0	859.0
275.0	859.0
308.0	859.0
342.0	859.0
375.0	859.0
408.0	859.0
441.0	859.0
474.0	859.0
0.0	860.0
3.0	860.0
7.0	860.0
11.0	860.0
44.0	860.0
76.0	860.0
110.0	860.0
143.0	860.0
176.0	860.0
209.0	860.0
242.0	860.0
275.0	860.0
308.0	860.0
342.0	860.0
375.0	860.0
408.0	860.0
441.0	860.0
474.0	860.0
0.0	861.0
3.0	861.0
7.0	861.0
11.0	861.0
44.0	861.0
76.0	861.0
110.0	861.0
143.0	861.0
176.0	861.0
209.0	861.0
242.0	861.0
275.0	861.0
308.0	861.0
342.0	861.0
375.0	861.0
408.0	861.0
441.0	861.0
474.0	861.0
0.0	862.0
3.0	862.0
7.0	862.0
11.0	862.0
44.0	862.0
76.0	862.0
110.0	862.0
143.0	862.0
176.0	862.0
209.0	862.0
242.0	862.0
275.0	862.0
308.0	862.0
342.0	862.0
375.0	862.0
408.0	862.0
441.0	862.0
474.0	862.0
0.0	863.0
3.0	863.0
7.0	863.0
11.0	863.0
44.0	863.0
76.0	863.0
110.0	863.0
143.0	863.0
176.0	863.0
209.0	863.0
242.0	863.0
275.0	863.0
308.0	863.0
342.0	863.0
375.0	863.0
408.0	863.0
441.0	863.0
474.0	863.0
0.0	864.0
3.0	864.0
7.0	864.0
11.0	864.0
44.0	864.0
76.0	864.0
110.0	864.0
143.0	864.0
176.0	864.0
209.0	864.0
242.0	864.0
275.0	864.0
308.0	864.0
342.0	864.0
375.0	864.0
408.0	864.0
441.0	864.0
474.0	864.0
0.0	865.0
3.0	865.0
7.0	865.0
11.0	865.0
44.0	865.0
76.0	865.0
110.0	865.0
143.0	865.0
176.0	865.0
209.0	865.0
242.0	865.0
275.0	865.0
308.0	865.0
342.0	865.0
375.0	865.0
408.0	865.0
441.0	865.0
474.0	865.0
0.0	866.0
3.0	866.0
7.0	866.0
11.0	866.0
44.0	866.0
76.0	866.0
110.0	866.0
143.0	866.0
176.0	866.0
209.0	866.0
242.0	866.0
275.0	866.0
308.0	866.0
342.0	866.0
375.0	866.0
408.0	866.0
441.0	866.0
474.0	866.0
0.0	867.0
3.0	867.0
7.0	867.0
11.0	867.0
44.0	867.0
76.0	867.0
110.0	867.0
143.0	867.0
176.0	867.0
209.0	867.0
242.0	867.0
275.0	867.0
308.0	867.0
342.0	867.0
375.0	867.0
408.0	867.0
441.0	867.0
474.0	867.0
0.0	868.0
3.0	868.0
7.0	868.0
11.0	868.0
44.0	868.0
76.0	868.0
110.0	868.0
143.0	868.0
176.0	868.0
209.0	868.0
242.0	868.0
275.0	868.0
308.0	868.0
342.0	868.0
375.0	868.0
408.0	868.0
441.0	868.0
474.0	868.0
0.0	869.0
3.0	869.0
7.0	869.0
11.0	869.0
44.0	869.0
76.0	869.0
110.0	869.0
143.0	869.0
176.0	869.0
209.0	869.0
242.0	869.0
275.0	869.0
308.0	869.0
342.0	869.0
375.0	869.0
408.0	869.0
441.0	869.0
474.0	869.0
0.0	870.0
3.0	870.0
7.0	870.0
11.0	870.0
44.0	870.0
76.0	870.0
110.0	870.0
143.0	870.0
176.0	870.0
209.0	870.0
242.0	870.0
275.0	870.0
308.0	870.0
342.0	870.0
375.0	870.0
408.0	870.0
441.0	870.0
474.0	870.0
0.0	871.0
3.0	871.0
7.0	871.0
11.0	871.0
44.0	871.0
76.0	871.0
110.0	871.0
143.0	871.0
176.0	871.0
209.0	871.0
242.0	871.0
275.0	871.0
308.0	871.0
342.0	871.0
375.0	871.0
408.0	871.0
441.0	871.0
474.0	871.0
0.0	872.0
3.0	872.0
7.0	872.0
11.0	872.0
44.0	872.0
76.0	872.0
110.0	872.0
143.0	872.0
176.0	872.0
209.0	872.0
242.0	872.0
275.0	872.0
308.0	872.0
342.0	872.0
375.0	872.0
408.0	872.0
441.0	872.0
474.0	872.0
0.0	873.0
3.0	873.0
7.0	873.0
11.0	873.0
44.0	873.0
76.0	873.0
110.0	873.0
143.0	873.0
176.0	873.0
209.0	873.0
242.0	873.0
275.0	873.0
308.0	873.0
342.0	873.0
375.0	873.0
408.0	873.0
441.0	873.0
474.0	873.0
0.0	874.0
3.0	874.0
7.0	874.0
11.0	874.0
44.0	874.0
76.0	874.0
110.0	874.0
143.0	874.0
176.0	874.0
209.0	874.0
242.0	874.0
275.0	874.0
308.0	874.0
342.0	874.0
375.0	874.0
408.0	874.0
441.0	874.0
474.0	874.0
0.0	875.0
3.0	875.0
7.0	875.0
11.0	875.0
44.0	875.0
76.0	875.0
110.0	875.0
143.0	875.0
176.0	875.0
209.0	875.0
242.0	875.0
275.0	875.0
308.0	875.0
342.0	875.0
375.0	875.0
408.0	875.0
441.0	875.0
474.0	875.0
0.0	876.0
3.0	876.0
7.0	876.0
11.0	876.0
44.0	876.0
76.0	876.0
110.0	876.0
143.0	876.0
176.0	876.0
209.0	876.0
242.0	876.0
275.0	876.0
308.0	876.0
342.0	876.0
375.0	876.0
408.0	876.0
441.0	876.0
474.0	876.0
0.0	911.0
3.0	911.0
7.0	911.0
11.0	911.0
44.0	911.0
76.0	911.0
144.0	911.0
210.0	911.0
276.0	911.0
308.0	911.0
409.0	911.0
441.0	911.0
474.0	911.0
0.0	912.0
3.0	912.0
7.0	912.0
11.0	912.0
44.0	912.0
76.0	912.0
110.0	912.0
143.0	912.0
176.0	912.0
209.0	912.0
242.0	912.0
275.0	912.0
308.0	912.0
342.0	912.0
375.0	912.0
408.0	912.0
441.0	912.0
474.0	912.0
0.0	913.0
3.0	913.0
7.0	913.0
11.0	913.0
44.0	913.0
76.0	913.0
110.0	913.0
143.0	913.0
176.0	913.0
209.0	913.0
242.0	913.0
275.0	913.0
308.0	913.0
342.0	913.0
375.0	913.0
408.0	913.0
441.0	913.0
474.0	913.0
0.0	914.0
3.0	914.0
7.0	914.0
11.0	914.0
44.0	914.0
76.0	914.0
110.0	914.0
143.0	914.0
176.0	914.0
209.0	914.0
242.0	914.0
275.0	914.0
308.0	914.0
342.0	914.0
375.0	914.0
408.0	914.0
441.0	914.0
474.0	914.0
0.0	915.0
3.0	915.0
7.0	915.0
11.0	915.0
44.0	915.0
76.0	915.0
110.0	915.0
143.0	915.0
176.0	915.0
209.0	915.0
242.0	915.0
275.0	915.0
308.0	915.0
342.0	915.0
375.0	915.0
408.0	915.0
441.0	915.0
474.0	915.0
0.0	916.0
3.0	916.0
7.0	916.0
11.0	916.0
44.0	916.0
76.0	916.0
110.0	916.0
143.0	916.0
176.0	916.0
209.0	916.0
242.0	916.0
275.0	916.0
308.0	916.0
342.0	916.0
375.0	916.0
408.0	916.0
441.0	916.0
474.0	916.0
0.0	917.0
3.0	917.0
7.0	917.0
11.0	917.0
44.0	917.0
76.0	917.0
110.0	917.0
143.0	917.0
176.0	917.0
209.0	917.0
242.0	917.0
275.0	917.0
308.0	917.0
342.0	917.0
375.0	917.0
408.0	917.0
441.0	917.0
474.0	917.0
0.0	918.0
3.0	918.0
7.0	918.0
11.0	918.0
44.0	918.0
76.0	918.0
110.0	918.0
143.0	918.0
176.0	918.0
209.0	918.0
242.0	918.0
275.0	918.0
308.0	918.0
342.0	918.0
375.0	918.0
408.0	918.0
441.0	918.0
474.0	918.0
0.0	919.0
3.0	919.0
7.0	919.0
11.0	919.0
44.0	919.0
76.0	919.0
110.0	919.0
143.0	919.0
176.0	919.0
209.0	919.0
242.0	919.0
275.0	919.0
308.0	919.0
342.0	919.0
375.0	919.0
408.0	919.0
441.0	919.0
474.0	919.0
0.0	920.0
3.0	920.0
7.0	920.0
11.0	920.0
44.0	920.0
76.0	920.0
110.0	920.0
143.0	920.0
176.0	920.0
209.0	920.0
242.0	920.0
275.0	920.0
308.0	920.0
342.0	920.0
375.0	920.0
408.0	920.0
441.0	920.0
474.0	920.0
0.0	921.0
3.0	921.0
7.0	921.0
11.0	921.0
44.0	921.0
76.0	921.0
110.0	921.0
143.0	921.0
176.0	921.0
209.0	921.0
242.0	921.0
275.0	921.0
308.0	921.0
342.0	921.0
375.0	921.0
408.0	921.0
441.0	921.0
474.0	921.0
0.0	922.0
3.0	922.0
7.0	922.0
11.0	922.0
44.0	922.0
76.0	922.0
110.0	922.0
143.0	922.0
176.0	922.0
209.0	922.0
242.0	922.0
275.0	922.0
308.0	922.0
342.0	922.0
375.0	922.0
408.0	922.0
441.0	922.0
474.0	922.0
0.0	923.0
3.0	923.0
7.0	923.0
11.0	923.0
44.0	923.0
76.0	923.0
110.0	923.0
143.0	923.0
176.0	923.0
209.0	923.0
242.0	923.0
275.0	923.0
308.0	923.0
342.0	923.0
375.0	923.0
408.0	923.0
441.0	923.0
474.0	923.0
0.0	924.0
3.0	924.0
7.0	924.0
11.0	924.0
44.0	924.0
76.0	924.0
110.0	924.0
143.0	924.0
176.0	924.0
209.0	924.0
242.0	924.0
275.0	924.0
308.0	924.0
342.0	924.0
375.0	924.0
408.0	924.0
441.0	924.0
474.0	924.0
0.0	925.0
3.0	925.0
7.0	925.0
11.0	925.0
44.0	925.0
76.0	925.0
110.0	925.0
143.0	925.0
176.0	925.0
209.0	925.0
242.0	925.0
275.0	925.0
308.0	925.0
342.0	925.0
375.0	925.0
408.0	925.0
441.0	925.0
474.0	925.0
0.0	926.0
3.0	926.0
7.0	926.0
11.0	926.0
44.0	926.0
76.0	926.0
110.0	926.0
143.0	926.0
176.0	926.0
209.0	926.0
242.0	926.0
275.0	926.0
308.0	926.0
342.0	926.0
375.0	926.0
408.0	926.0
441.0	926.0
474.0	926.0
0.0	927.0
3.0	927.0
7.0	927.0
11.0	927.0
44.0	927.0
76.0	927.0
110.0	927.0
143.0	927.0
176.0	927.0
209.0	927.0
242.0	927.0
275.0	927.0
308.0	927.0
342.0	927.0
375.0	927.0
408.0	927.0
441.0	927.0
474.0	927.0
0.0	928.0
3.0	928.0
7.0	928.0
11.0	928.0
44.0	928.0
76.0	928.0
110.0	928.0
143.0	928.0
176.0	928.0
209.0	928.0
242.0	928.0
275.0	928.0
308.0	928.0
342.0	928.0
375.0	928.0
408.0	928.0
441.0	928.0
474.0	928.0
0.0	929.0
3.0	929.0
7.0	929.0
11.0	929.0
44.0	929.0
76.0	929.0
110.0	929.0
143.0	929.0
176.0	929.0
209.0	929.0
242.0	929.0
275.0	929.0
308.0	929.0
342.0	929.0
375.0	929.0
408.0	929.0
441.0	929.0
474.0	929.0
0.0	930.0
3.0	930.0
7.0	930.0
11.0	930.0
44.0	930.0
76.0	930.0
110.0	930.0
143.0	930.0
176.0	930.0
209.0	930.0
242.0	930.0
275.0	930.0
308.0	930.0
342.0	930.0
375.0	930.0
408.0	930.0
441.0	930.0
474.0	930.0
0.0	931.0
3.0	931.0
7.0	931.0
11.0	931.0
44.0	931.0
76.0	931.0
110.0	931.0
143.0	931.0
176.0	931.0
209.0	931.0
242.0	931.0
275.0	931.0
308.0	931.0
342.0	931.0
375.0	931.0
408.0	931.0
441.0	931.0
474.0	931.0
0.0	932.0
3.0	932.0
7.0	932.0
11.0	932.0
44.0	932.0
76.0	932.0
110.0	932.0
143.0	932.0
176.0	932.0
209.0	932.0
242.0	932.0
275.0	932.0
308.0	932.0
342.0	932.0
375.0	932.0
408.0	932.0
441.0	932.0
474.0	932.0
0.0	933.0
3.0	933.0
7.0	933.0
11.0	933.0
44.0	933.0
76.0	933.0
110.0	933.0
143.0	933.0
176.0	933.0
209.0	933.0
242.0	933.0
275.0	933.0
308.0	933.0
342.0	933.0
375.0	933.0
408.0	933.0
441.0	933.0
474.0	933.0
0.0	934.0
3.0	934.0
7.0	934.0
11.0	934.0
44.0	934.0
76.0	934.0
110.0	934.0
143.0	934.0
176.0	934.0
209.0	934.0
242.0	934.0
275.0	934.0
308.0	934.0
342.0	934.0
375.0	934.0
408.0	934.0
441.0	934.0
474.0	934.0
0.0	935.0
3.0	935.0
7.0	935.0
11.0	935.0
44.0	935.0
76.0	935.0
110.0	935.0
143.0	935.0
176.0	935.0
209.0	935.0
242.0	935.0
275.0	935.0
308.0	935.0
342.0	935.0
375.0	935.0
408.0	935.0
441.0	935.0
474.0	935.0
0.0	936.0
3.0	936.0
7.0	936.0
11.0	936.0
44.0	936.0
76.0	936.0
110.0	936.0
143.0	936.0
176.0	936.0
209.0	936.0
242.0	936.0
275.0	936.0
308.0	936.0
342.0	936.0
375.0	936.0
408.0	936.0
441.0	936.0
474.0	936.0
0.0	937.0
3.0	937.0
7.0	937.0
11.0	937.0
44.0	937.0
76.0	937.0
110.0	937.0
143.0	937.0
176.0	937.0
209.0	937.0
242.0	937.0
275.0	937.0
308.0	937.0
342.0	937.0
375.0	937.0
408.0	937.0
441.0	937.0
474.0	937.0
0.0	938.0
3.0	938.0
7.0	938.0
11.0	938.0
44.0	938.0
76.0	938.0
110.0	938.0
143.0	938.0
176.0	938.0
209.0	938.0
242.0	938.0
275.0	938.0
308.0	938.0
342.0	938.0
375.0	938.0
408.0	938.0
441.0	938.0
474.0	938.0
0.0	939.0
3.0	939.0
7.0	939.0
11.0	939.0
44.0	939.0
76.0	939.0
110.0	939.0
143.0	939.0
176.0	939.0
209.0	939.0
242.0	939.0
275.0	939.0
308.0	939.0
342.0	939.0
375.0	939.0
408.0	939.0
441.0	939.0
474.0	939.0
0.0	940.0
3.0	940.0
7.0	940.0
11.0	940.0
44.0	940.0
76.0	940.0
110.0	940.0
143.0	940.0
176.0	940.0
209.0	940.0
242.0	940.0
275.0	940.0
308.0	940.0
342.0	940.0
375.0	940.0
408.0	940.0
441.0	940.0
474.0	940.0
0.0	972.0
3.0	972.0
7.0	972.0
11.0	972.0
44.0	972.0
76.0	972.0
110.0	972.0
143.0	972.0
176.0	972.0
209.0	972.0
242.0	972.0
275.0	972.0
308.0	972.0
342.0	972.0
375.0	972.0
408.0	972.0
441.0	972.0
474.0	972.0
0.0	973.0
3.0	973.0
7.0	973.0
11.0	973.0
44.0	973.0
76.0	973.0
110.0	973.0
143.0	973.0
176.0	973.0
209.0	973.0
242.0	973.0
275.0	973.0
308.0	973.0
342.0	973.0
375.0	973.0
408.0	973.0
441.0	973.0
474.0	973.0
0.0	974.0
3.0	974.0
7.0	974.0
11.0	974.0
44.0	974.0
76.0	974.0
110.0	974.0
143.0	974.0
176.0	974.0
209.0	974.0
242.0	974.0
275.0	974.0
308.0	974.0
342.0	974.0
375.0	974.0
408.0	974.0
441.0	974.0
474.0	974.0
0.0	975.0
3.0	975.0
7.0	975.0
11.0	975.0
44.0	975.0
76.0	975.0
110.0	975.0
143.0	975.0
176.0	975.0
209.0	975.0
242.0	975.0
275.0	975.0
308.0	975.0
342.0	975.0
375.0	975.0
408.0	975.0
441.0	975.0
474.0	975.0
0.0	976.0
3.0	976.0
7.0	976.0
11.0	976.0
44.0	976.0
76.0	976.0
110.0	976.0
143.0	976.0
176.0	976.0
209.0	976.0
242.0	976.0
275.0	976.0
308.0	976.0
342.0	976.0
375.0	976.0
408.0	976.0
441.0	976.0
474.0	976.0
0.0	977.0
3.0	977.0
7.0	977.0
11.0	977.0
44.0	977.0
76.0	977.0
110.0	977.0
143.0	977.0
176.0	977.0
209.0	977.0
242.0	977.0
275.0	977.0
308.0	977.0
342.0	977.0
375.0	977.0
408.0	977.0
441.0	977.0
474.0	977.0
0.0	978.0
3.0	978.0
7.0	978.0
11.0	978.0
44.0	978.0
76.0	978.0
110.0	978.0
143.0	978.0
176.0	978.0
209.0	978.0
242.0	978.0
275.0	978.0
308.0	978.0
342.0	978.0
375.0	978.0
408.0	978.0
441.0	978.0
474.0	978.0
0.0	979.0
3.0	979.0
7.0	979.0
11.0	979.0
44.0	979.0
76.0	979.0
110.0	979.0
143.0	979.0
176.0	979.0
209.0	979.0
242.0	979.0
275.0	979.0
308.0	979.0
342.0	979.0
375.0	979.0
408.0	979.0
441.0	979.0
474.0	979.0
0.0	980.0
3.0	980.0
7.0	980.0
11.0	980.0
44.0	980.0
76.0	980.0
110.0	980.0
143.0	980.0
176.0	980.0
209.0	980.0
242.0	980.0
275.0	980.0
308.0	980.0
342.0	980.0
375.0	980.0
408.0	980.0
441.0	980.0
474.0	980.0
0.0	981.0
3.0	981.0
7.0	981.0
11.0	981.0
44.0	981.0
76.0	981.0
110.0	981.0
143.0	981.0
176.0	981.0
209.0	981.0
242.0	981.0
275.0	981.0
308.0	981.0
342.0	981.0
375.0	981.0
408.0	981.0
441.0	981.0
474.0	981.0
0.0	982.0
3.0	982.0
7.0	982.0
11.0	982.0
44.0	982.0
76.0	982.0
110.0	982.0
143.0	982.0
176.0	982.0
209.0	982.0
242.0	982.0
275.0	982.0
308.0	982.0
342.0	982.0
375.0	982.0
408.0	982.0
441.0	982.0
474.0	982.0
0.0	983.0
3.0	983.0
7.0	983.0
11.0	983.0
44.0	983.0
76.0	983.0
110.0	983.0
143.0	983.0
176.0	983.0
209.0	983.0
242.0	983.0
275.0	983.0
308.0	983.0
342.0	983.0
375.0	983.0
408.0	983.0
441.0	983.0
474.0	983.0
0.0	984.0
3.0	984.0
7.0	984.0
11.0	984.0
44.0	984.0
76.0	984.0
110.0	984.0
143.0	984.0
176.0	984.0
209.0	984.0
242.0	984.0
275.0	984.0
308.0	984.0
342.0	984.0
375.0	984.0
408.0	984.0
441.0	984.0
474.0	984.0
0.0	985.0
3.0	985.0
7.0	985.0
11.0	985.0
44.0	985.0
76.0	985.0
110.0	985.0
143.0	985.0
176.0	985.0
209.0	985.0
242.0	985.0
275.0	985.0
308.0	985.0
342.0	985.0
375.0	985.0
408.0	985.0
441.0	985.0
474.0	985.0
0.0	986.0
3.0	986.0
7.0	986.0
11.0	986.0
44.0	986.0
76.0	986.0
110.0	986.0
143.0	986.0
176.0	986.0
209.0	986.0
242.0	986.0
275.0	986.0
308.0	986.0
342.0	986.0
375.0	986.0
408.0	986.0
441.0	986.0
474.0	986.0
0.0	987.0
3.0	987.0
7.0	987.0
11.0	987.0
44.0	987.0
76.0	987.0
110.0	987.0
143.0	987.0
176.0	987.0
209.0	987.0
242.0	987.0
275.0	987.0
308.0	987.0
342.0	987.0
375.0	987.0
408.0	987.0
441.0	987.0
474.0	987.0
0.0	988.0
3.0	988.0
7.0	988.0
11.0	988.0
44.0	988.0
76.0	988.0
110.0	988.0
143.0	988.0
176.0	988.0
209.0	988.0
242.0	988.0
275.0	988.0
308.0	988.0
342.0	988.0
375.0	988.0
408.0	988.0
441.0	988.0
474.0	988.0
0.0	989.0
3.0	989.0
7.0	989.0
11.0	989.0
44.0	989.0
76.0	989.0
110.0	989.0
143.0	989.0
176.0	989.0
209.0	989.0
242.0	989.0
275.0	989.0
308.0	989.0
342.0	989.0
375.0	989.0
408.0	989.0
441.0	989.0
474.0	989.0
0.0	990.0
3.0	990.0
7.0	990.0
11.0	990.0
44.0	990.0
76.0	990.0
110.0	990.0
143.0	990.0
176.0	990.0
209.0	990.0
242.0	990.0
275.0	990.0
308.0	990.0
342.0	990.0
375.0	990.0
408.0	990.0
441.0	990.0
474.0	990.0
0.0	991.0
3.0	991.0
7.0	991.0
11.0	991.0
44.0	991.0
76.0	991.0
110.0	991.0
143.0	991.0
176.0	991.0
209.0	991.0
242.0	991.0
275.0	991.0
308.0	991.0
342.0	991.0
375.0	991.0
408.0	991.0
441.0	991.0
474.0	991.0
0.0	992.0
3.0	992.0
7.0	992.0
11.0	992.0
44.0	992.0
76.0	992.0
110.0	992.0
143.0	992.0
176.0	992.0
209.0	992.0
242.0	992.0
275.0	992.0
308.0	992.0
342.0	992.0
375.0	992.0
408.0	992.0
441.0	992.0
474.0	992.0
0.0	993.0
3.0	993.0
7.0	993.0
11.0	993.0
44.0	993.0
76.0	993.0
110.0	993.0
143.0	993.0
176.0	993.0
209.0	993.0
242.0	993.0
275.0	993.0
308.0	993.0
342.0	993.0
375.0	993.0
408.0	993.0
441.0	993.0
474.0	993.0
0.0	994.0
3.0	994.0
7.0	994.0
11.0	994.0
44.0	994.0
76.0	994.0
110.0	994.0
143.0	994.0
176.0	994.0
209.0	994.0
242.0	994.0
275.0	994.0
308.0	994.0
342.0	994.0
375.0	994.0
408.0	994.0
441.0	994.0
474.0	994.0
0.0	995.0
3.0	995.0
7.0	995.0
11.0	995.0
44.0	995.0
76.0	995.0
110.0	995.0
143.0	995.0
176.0	995.0
209.0	995.0
242.0	995.0
275.0	995.0
308.0	995.0
342.0	995.0
375.0	995.0
408.0	995.0
441.0	995.0
474.0	995.0
0.0	996.0
3.0	996.0
7.0	996.0
11.0	996.0
44.0	996.0
76.0	996.0
110.0	996.0
143.0	996.0
176.0	996.0
209.0	996.0
242.0	996.0
275.0	996.0
308.0	996.0
342.0	996.0
375.0	996.0
408.0	996.0
441.0	996.0
474.0	996.0
0.0	997.0
3.0	997.0
7.0	997.0
11.0	997.0
44.0	997.0
76.0	997.0
110.0	997.0
143.0	997.0
176.0	997.0
209.0	997.0
242.0	997.0
275.0	997.0
308.0	997.0
342.0	997.0
375.0	997.0
408.0	997.0
441.0	997.0
474.0	997.0
0.0	998.0
3.0	998.0
7.0	998.0
11.0	998.0
44.0	998.0
76.0	998.0
110.0	998.0
143.0	998.0
176.0	998.0
209.0	998.0
242.0	998.0
275.0	998.0
308.0	998.0
342.0	998.0
375.0	998.0
408.0	998.0
441.0	998.0
474.0	998.0
0.0	999.0
3.0	999.0
7.0	999.0
11.0	999.0
44.0	999.0
76.0	999.0
110.0	999.0
143.0	999.0
176.0	999.0
209.0	999.0
242.0	999.0
275.0	999.0
308.0	999.0
342.0	999.0
375.0	999.0
408.0	999.0
441.0	999.0
474.0	999.0
0.0	1000.0
3.0	1000.0
7.0	1000.0
11.0	1000.0
44.0	1000.0
76.0	1000.0
110.0	1000.0
143.0	1000.0
176.0	1000.0
209.0	1000.0
242.0	1000.0
275.0	1000.0
308.0	1000.0
342.0	1000.0
375.0	1000.0
408.0	1000.0
441.0	1000.0
474.0	1000.0
0.0	1001.0
3.0	1001.0
7.0	1001.0
11.0	1001.0
44.0	1001.0
76.0	1001.0
110.0	1001.0
143.0	1001.0
176.0	1001.0
209.0	1001.0
242.0	1001.0
275.0	1001.0
308.0	1001.0
342.0	1001.0
375.0	1001.0
408.0	1001.0
441.0	1001.0
474.0	1001.0
0.0	1002.0
3.0	1002.0
7.0	1002.0
11.0	1002.0
44.0	1002.0
76.0	1002.0
110.0	1002.0
143.0	1002.0
176.0	1002.0
209.0	1002.0
242.0	1002.0
275.0	1002.0
308.0	1002.0
342.0	1002.0
375.0	1002.0
408.0	1002.0
441.0	1002.0
474.0	1002.0
0.0	1003.0
3.0	1003.0
7.0	1003.0
11.0	1003.0
44.0	1003.0
76.0	1003.0
110.0	1003.0
143.0	1003.0
176.0	1003.0
209.0	1003.0
242.0	1003.0
275.0	1003.0
308.0	1003.0
342.0	1003.0
375.0	1003.0
408.0	1003.0
441.0	1003.0
474.0	1003.0
0.0	1004.0
3.0	1004.0
7.0	1004.0
11.0	1004.0
44.0	1004.0
76.0	1004.0
110.0	1004.0
143.0	1004.0
176.0	1004.0
209.0	1004.0
242.0	1004.0
275.0	1004.0
308.0	1004.0
342.0	1004.0
375.0	1004.0
408.0	1004.0
441.0	1004.0
474.0	1004.0
0.0	1036.0
3.0	1036.0
7.0	1036.0
11.0	1036.0
44.0	1036.0
76.0	1036.0
110.0	1036.0
143.0	1036.0
176.0	1036.0
209.0	1036.0
242.0	1036.0
275.0	1036.0
308.0	1036.0
342.0	1036.0
375.0	1036.0
408.0	1036.0
441.0	1036.0
474.0	1036.0
0.0	1037.0
3.0	1037.0
7.0	1037.0
11.0	1037.0
44.0	1037.0
76.0	1037.0
110.0	1037.0
143.0	1037.0
176.0	1037.0
209.0	1037.0
242.0	1037.0
275.0	1037.0
308.0	1037.0
342.0	1037.0
375.0	1037.0
408.0	1037.0
441.0	1037.0
474.0	1037.0
0.0	1038.0
3.0	1038.0
7.0	1038.0
11.0	1038.0
44.0	1038.0
76.0	1038.0
110.0	1038.0
143.0	1038.0
176.0	1038.0
209.0	1038.0
242.0	1038.0
275.0	1038.0
308.0	1038.0
342.0	1038.0
375.0	1038.0
408.0	1038.0
441.0	1038.0
474.0	1038.0
0.0	1039.0
3.0	1039.0
7.0	1039.0
11.0	1039.0
44.0	1039.0
76.0	1039.0
110.0	1039.0
143.0	1039.0
176.0	1039.0
209.0	1039.0
242.0	1039.0
275.0	1039.0
308.0	1039.0
342.0	1039.0
375.0	1039.0
408.0	1039.0
441.0	1039.0
474.0	1039.0
0.0	1040.0
3.0	1040.0
7.0	1040.0
11.0	1040.0
44.0	1040.0
76.0	1040.0
110.0	1040.0
143.0	1040.0
176.0	1040.0
209.0	1040.0
242.0	1040.0
275.0	1040.0
308.0	1040.0
342.0	1040.0
375.0	1040.0
408.0	1040.0
441.0	1040.0
474.0	1040.0
0.0	1041.0
3.0	1041.0
7.0	1041.0
11.0	1041.0
44.0	1041.0
76.0	1041.0
110.0	1041.0
143.0	1041.0
176.0	1041.0
209.0	1041.0
242.0	1041.0
275.0	1041.0
308.0	1041.0
342.0	1041.0
375.0	1041.0
408.0	1041.0
441.0	1041.0
474.0	1041.0
0.0	1042.0
3.0	1042.0
7.0	1042.0
11.0	1042.0
44.0	1042.0
76.0	1042.0
110.0	1042.0
143.0	1042.0
176.0	1042.0
209.0	1042.0
242.0	1042.0
275.0	1042.0
308.0	1042.0
342.0	1042.0
375.0	1042.0
408.0	1042.0
441.0	1042.0
474.0	1042.0
0.0	1043.0
3.0	1043.0
7.0	1043.0
11.0	1043.0
44.0	1043.0
76.0	1043.0
110.0	1043.0
143.0	1043.0
176.0	1043.0
209.0	1043.0
242.0	1043.0
275.0	1043.0
308.0	1043.0
342.0	1043.0
375.0	1043.0
408.0	1043.0
441.0	1043.0
474.0	1043.0
0.0	1044.0
3.0	1044.0
7.0	1044.0
11.0	1044.0
44.0	1044.0
76.0	1044.0
110.0	1044.0
143.0	1044.0
176.0	1044.0
209.0	1044.0
242.0	1044.0
275.0	1044.0
308.0	1044.0
342.0	1044.0
375.0	1044.0
408.0	1044.0
441.0	1044.0
474.0	1044.0
0.0	1045.0
3.0	1045.0
7.0	1045.0
11.0	1045.0
44.0	1045.0
76.0	1045.0
110.0	1045.0
143.0	1045.0
176.0	1045.0
209.0	1045.0
242.0	1045.0
275.0	1045.0
308.0	1045.0
342.0	1045.0
375.0	1045.0
408.0	1045.0
441.0	1045.0
474.0	1045.0
0.0	1046.0
3.0	1046.0
7.0	1046.0
11.0	1046.0
44.0	1046.0
76.0	1046.0
110.0	1046.0
143.0	1046.0
176.0	1046.0
209.0	1046.0
242.0	1046.0
275.0	1046.0
308.0	1046.0
342.0	1046.0
375.0	1046.0
408.0	1046.0
441.0	1046.0
474.0	1046.0
0.0	1047.0
3.0	1047.0
7.0	1047.0
11.0	1047.0
44.0	1047.0
76.0	1047.0
110.0	1047.0
143.0	1047.0
176.0	1047.0
209.0	1047.0
242.0	1047.0
275.0	1047.0
308.0	1047.0
342.0	1047.0
375.0	1047.0
408.0	1047.0
441.0	1047.0
474.0	1047.0
0.0	1048.0
3.0	1048.0
7.0	1048.0
11.0	1048.0
44.0	1048.0
76.0	1048.0
110.0	1048.0
143.0	1048.0
176.0	1048.0
209.0	1048.0
242.0	1048.0
275.0	1048.0
308.0	1048.0
342.0	1048.0
375.0	1048.0
408.0	1048.0
441.0	1048.0
474.0	1048.0
0.0	1049.0
3.0	1049.0
7.0	1049.0
11.0	1049.0
44.0	1049.0
76.0	1049.0
110.0	1049.0
143.0	1049.0
176.0	1049.0
209.0	1049.0
242.0	1049.0
275.0	1049.0
308.0	1049.0
342.0	1049.0
375.0	1049.0
408.0	1049.0
441.0	1049.0
474.0	1049.0
0.0	1050.0
3.0	1050.0
7.0	1050.0
11.0	1050.0
44.0	1050.0
76.0	1050.0
110.0	1050.0
143.0	1050.0
176.0	1050.0
209.0	1050.0
242.0	1050.0
275.0	1050.0
308.0	1050.0
342.0	1050.0
375.0	1050.0
408.0	1050.0
441.0	1050.0
474.0	1050.0
0.0	1051.0
3.0	1051.0
7.0	1051.0
11.0	1051.0
44.0	1051.0
76.0	1051.0
110.0	1051.0
143.0	1051.0
176.0	1051.0
209.0	1051.0
242.0	1051.0
275.0	1051.0
308.0	1051.0
342.0	1051.0
375.0	1051.0
408.0	1051.0
441.0	1051.0
474.0	1051.0
0.0	1052.0
3.0	1052.0
7.0	1052.0
11.0	1052.0
44.0	1052.0
76.0	1052.0
110.0	1052.0
143.0	1052.0
176.0	1052.0
209.0	1052.0
242.0	1052.0
275.0	1052.0
308.0	1052.0
342.0	1052.0
375.0	1052.0
408.0	1052.0
441.0	1052.0
474.0	1052.0
0.0	1053.0
3.0	1053.0
7.0	1053.0
11.0	1053.0
44.0	1053.0
76.0	1053.0
110.0	1053.0
143.0	1053.0
176.0	1053.0
209.0	1053.0
242.0	1053.0
275.0	1053.0
308.0	1053.0
342.0	1053.0
375.0	1053.0
408.0	1053.0
441.0	1053.0
474.0	1053.0
0.0	1054.0
3.0	1054.0
7.0	1054.0
11.0	1054.0
44.0	1054.0
76.0	1054.0
110.0	1054.0
143.0	1054.0
176.0	1054.0
209.0	1054.0
242.0	1054.0
275.0	1054.0
308.0	1054.0
342.0	1054.0
375.0	1054.0
408.0	1054.0
441.0	1054.0
474.0	1054.0
0.0	1055.0
3.0	1055.0
7.0	1055.0
11.0	1055.0
44.0	1055.0
76.0	1055.0
110.0	1055.0
143.0	1055.0
176.0	1055.0
209.0	1055.0
242.0	1055.0
275.0	1055.0
308.0	1055.0
342.0	1055.0
375.0	1055.0
408.0	1055.0
441.0	1055.0
474.0	1055.0
0.0	1056.0
3.0	1056.0
7.0	1056.0
11.0	1056.0
44.0	1056.0
76.0	1056.0
110.0	1056.0
143.0	1056.0
176.0	1056.0
209.0	1056.0
242.0	1056.0
275.0	1056.0
308.0	1056.0
342.0	1056.0
375.0	1056.0
408.0	1056.0
441.0	1056.0
474.0	1056.0
0.0	1057.0
3.0	1057.0
7.0	1057.0
11.0	1057.0
44.0	1057.0
76.0	1057.0
110.0	1057.0
143.0	1057.0
176.0	1057.0
209.0	1057.0
242.0	1057.0
275.0	1057.0
308.0	1057.0
342.0	1057.0
375.0	1057.0
408.0	1057.0
441.0	1057.0
474.0	1057.0
0.0	1058.0
3.0	1058.0
7.0	1058.0
11.0	1058.0
44.0	1058.0
76.0	1058.0
110.0	1058.0
143.0	1058.0
176.0	1058.0
209.0	1058.0
242.0	1058.0
275.0	1058.0
308.0	1058.0
342.0	1058.0
375.0	1058.0
408.0	1058.0
441.0	1058.0
474.0	1058.0
0.0	1059.0
3.0	1059.0
7.0	1059.0
11.0	1059.0
44.0	1059.0
76.0	1059.0
110.0	1059.0
143.0	1059.0
176.0	1059.0
209.0	1059.0
242.0	1059.0
275.0	1059.0
308.0	1059.0
342.0	1059.0
375.0	1059.0
408.0	1059.0
441.0	1059.0
474.0	1059.0
0.0	1060.0
3.0	1060.0
7.0	1060.0
11.0	1060.0
44.0	1060.0
76.0	1060.0
110.0	1060.0
143.0	1060.0
176.0	1060.0
209.0	1060.0
242.0	1060.0
275.0	1060.0
308.0	1060.0
342.0	1060.0
375.0	1060.0
408.0	1060.0
441.0	1060.0
474.0	1060.0
0.0	1061.0
3.0	1061.0
7.0	1061.0
11.0	1061.0
44.0	1061.0
76.0	1061.0
110.0	1061.0
143.0	1061.0
176.0	1061.0
209.0	1061.0
242.0	1061.0
275.0	1061.0
308.0	1061.0
342.0	1061.0
375.0	1061.0
408.0	1061.0
441.0	1061.0
474.0	1061.0
0.0	1062.0
3.0	1062.0
7.0	1062.0
11.0	1062.0
44.0	1062.0
76.0	1062.0
110.0	1062.0
143.0	1062.0
176.0	1062.0
209.0	1062.0
242.0	1062.0
275.0	1062.0
308.0	1062.0
342.0	1062.0
375.0	1062.0
408.0	1062.0
441.0	1062.0
474.0	1062.0
0.0	1063.0
3.0	1063.0
7.0	1063.0
11.0	1063.0
44.0	1063.0
76.0	1063.0
110.0	1063.0
143.0	1063.0
176.0	1063.0
209.0	1063.0
242.0	1063.0
275.0	1063.0
308.0	1063.0
342.0	1063.0
375.0	1063.0
408.0	1063.0
441.0	1063.0
474.0	1063.0
0.0	1064.0
3.0	1064.0
7.0	1064.0
11.0	1064.0
44.0	1064.0
76.0	1064.0
110.0	1064.0
143.0	1064.0
176.0	1064.0
209.0	1064.0
242.0	1064.0
275.0	1064.0
308.0	1064.0
342.0	1064.0
375.0	1064.0
408.0	1064.0
441.0	1064.0
474.0	1064.0
0.0	1065.0
3.0	1065.0
7.0	1065.0
11.0	1065.0
44.0	1065.0
76.0	1065.0
110.0	1065.0
143.0	1065.0
176.0	1065.0
209.0	1065.0
242.0	1065.0
275.0	1065.0
308.0	1065.0
342.0	1065.0
375.0	1065.0
408.0	1065.0
441.0	1065.0
474.0	1065.0
0.0	1066.0
3.0	1066.0
7.0	1066.0
11.0	1066.0
44.0	1066.0
76.0	1066.0
110.0	1066.0
143.0	1066.0
176.0	1066.0
209.0	1066.0
242.0	1066.0
275.0	1066.0
308.0	1066.0
342.0	1066.0
375.0	1066.0
408.0	1066.0
441.0	1066.0
474.0	1066.0
0.0	1067.0
3.0	1067.0
7.0	1067.0
11.0	1067.0
44.0	1067.0
76.0	1067.0
110.0	1067.0
143.0	1067.0
176.0	1067.0
209.0	1067.0
242.0	1067.0
275.0	1067.0
308.0	1067.0
342.0	1067.0
375.0	1067.0
408.0	1067.0
441.0	1067.0
474.0	1067.0
0.0	1068.0
3.0	1068.0
7.0	1068.0
11.0	1068.0
44.0	1068.0
76.0	1068.0
110.0	1068.0
143.0	1068.0
176.0	1068.0
209.0	1068.0
242.0	1068.0
275.0	1068.0
308.0	1068.0
342.0	1068.0
375.0	1068.0
408.0	1068.0
441.0	1068.0
474.0	1068.0
0.0	1100.0
3.0	1100.0
7.0	1100.0
11.0	1100.0
44.0	1100.0
76.0	1100.0
110.0	1100.0
143.0	1100.0
176.0	1100.0
209.0	1100.0
242.0	1100.0
275.0	1100.0
308.0	1100.0
342.0	1100.0
375.0	1100.0
408.0	1100.0
441.0	1100.0
474.0	1100.0
0.0	1101.0
3.0	1101.0
7.0	1101.0
11.0	1101.0
44.0	1101.0
76.0	1101.0
110.0	1101.0
143.0	1101.0
176.0	1101.0
209.0	1101.0
242.0	1101.0
275.0	1101.0
308.0	1101.0
342.0	1101.0
375.0	1101.0
408.0	1101.0
441.0	1101.0
474.0	1101.0
0.0	1102.0
3.0	1102.0
7.0	1102.0
11.0	1102.0
44.0	1102.0
76.0	1102.0
110.0	1102.0
143.0	1102.0
176.0	1102.0
209.0	1102.0
242.0	1102.0
275.0	1102.0
308.0	1102.0
342.0	1102.0
375.0	1102.0
408.0	1102.0
441.0	1102.0
474.0	1102.0
0.0	1103.0
3.0	1103.0
7.0	1103.0
11.0	1103.0
44.0	1103.0
76.0	1103.0
110.0	1103.0
143.0	1103.0
176.0	1103.0
209.0	1103.0
242.0	1103.0
275.0	1103.0
308.0	1103.0
342.0	1103.0
375.0	1103.0
408.0	1103.0
441.0	1103.0
474.0	1103.0
0.0	1104.0
3.0	1104.0
7.0	1104.0
11.0	1104.0
44.0	1104.0
76.0	1104.0
110.0	1104.0
143.0	1104.0
176.0	1104.0
209.0	1104.0
242.0	1104.0
275.0	1104.0
308.0	1104.0
342.0	1104.0
375.0	1104.0
408.0	1104.0
441.0	1104.0
474.0	1104.0
0.0	1105.0
3.0	1105.0
7.0	1105.0
11.0	1105.0
44.0	1105.0
76.0	1105.0
110.0	1105.0
143.0	1105.0
176.0	1105.0
209.0	1105.0
242.0	1105.0
275.0	1105.0
308.0	1105.0
342.0	1105.0
375.0	1105.0
408.0	1105.0
441.0	1105.0
474.0	1105.0
0.0	1106.0
3.0	1106.0
7.0	1106.0
11.0	1106.0
44.0	1106.0
76.0	1106.0
110.0	1106.0
143.0	1106.0
176.0	1106.0
209.0	1106.0
242.0	1106.0
275.0	1106.0
308.0	1106.0
342.0	1106.0
375.0	1106.0
408.0	1106.0
441.0	1106.0
474.0	1106.0
0.0	1107.0
3.0	1107.0
7.0	1107.0
11.0	1107.0
44.0	1107.0
76.0	1107.0
110.0	1107.0
143.0	1107.0
176.0	1107.0
209.0	1107.0
242.0	1107.0
275.0	1107.0
308.0	1107.0
342.0	1107.0
375.0	1107.0
408.0	1107.0
441.0	1107.0
474.0	1107.0
0.0	1108.0
3.0	1108.0
7.0	1108.0
11.0	1108.0
44.0	1108.0
76.0	1108.0
110.0	1108.0
143.0	1108.0
176.0	1108.0
209.0	1108.0
242.0	1108.0
275.0	1108.0
308.0	1108.0
342.0	1108.0
375.0	1108.0
408.0	1108.0
441.0	1108.0
474.0	1108.0
0.0	1109.0
3.0	1109.0
7.0	1109.0
11.0	1109.0
44.0	1109.0
76.0	1109.0
110.0	1109.0
143.0	1109.0
176.0	1109.0
209.0	1109.0
242.0	1109.0
275.0	1109.0
308.0	1109.0
342.0	1109.0
375.0	1109.0
408.0	1109.0
441.0	1109.0
474.0	1109.0
0.0	1110.0
3.0	1110.0
7.0	1110.0
11.0	1110.0
44.0	1110.0
76.0	1110.0
110.0	1110.0
143.0	1110.0
176.0	1110.0
209.0	1110.0
242.0	1110.0
275.0	1110.0
308.0	1110.0
342.0	1110.0
375.0	1110.0
408.0	1110.0
441.0	1110.0
474.0	1110.0
0.0	1111.0
3.0	1111.0
7.0	1111.0
11.0	1111.0
44.0	1111.0
76.0	1111.0
110.0	1111.0
143.0	1111.0
176.0	1111.0
209.0	1111.0
242.0	1111.0
275.0	1111.0
308.0	1111.0
342.0	1111.0
375.0	1111.0
408.0	1111.0
441.0	1111.0
474.0	1111.0
0.0	1112.0
3.0	1112.0
7.0	1112.0
11.0	1112.0
44.0	1112.0
76.0	1112.0
110.0	1112.0
143.0	1112.0
176.0	1112.0
209.0	1112.0
242.0	1112.0
275.0	1112.0
308.0	1112.0
342.0	1112.0
375.0	1112.0
408.0	1112.0
441.0	1112.0
474.0	1112.0
0.0	1113.0
3.0	1113.0
7.0	1113.0
11.0	1113.0
44.0	1113.0
76.0	1113.0
110.0	1113.0
143.0	1113.0
176.0	1113.0
209.0	1113.0
242.0	1113.0
275.0	1113.0
308.0	1113.0
342.0	1113.0
375.0	1113.0
408.0	1113.0
441.0	1113.0
474.0	1113.0
0.0	1114.0
3.0	1114.0
7.0	1114.0
11.0	1114.0
44.0	1114.0
76.0	1114.0
110.0	1114.0
143.0	1114.0
176.0	1114.0
209.0	1114.0
242.0	1114.0
275.0	1114.0
308.0	1114.0
342.0	1114.0
375.0	1114.0
408.0	1114.0
441.0	1114.0
474.0	1114.0
0.0	1115.0
3.0	1115.0
7.0	1115.0
11.0	1115.0
44.0	1115.0
76.0	1115.0
110.0	1115.0
143.0	1115.0
176.0	1115.0
209.0	1115.0
242.0	1115.0
275.0	1115.0
308.0	1115.0
342.0	1115.0
375.0	1115.0
408.0	1115.0
441.0	1115.0
474.0	1115.0
0.0	1116.0
3.0	1116.0
7.0	1116.0
11.0	1116.0
44.0	1116.0
76.0	1116.0
110.0	1116.0
143.0	1116.0
176.0	1116.0
209.0	1116.0
242.0	1116.0
275.0	1116.0
308.0	1116.0
342.0	1116.0
375.0	1116.0
408.0	1116.0
441.0	1116.0
474.0	1116.0
0.0	1117.0
3.0	1117.0
7.0	1117.0
11.0	1117.0
44.0	1117.0
76.0	1117.0
110.0	1117.0
143.0	1117.0
176.0	1117.0
209.0	1117.0
242.0	1117.0
275.0	1117.0
308.0	1117.0
342.0	1117.0
375.0	1117.0
408.0	1117.0
441.0	1117.0
474.0	1117.0
0.0	1118.0
3.0	1118.0
7.0	1118.0
11.0	1118.0
44.0	1118.0
76.0	1118.0
110.0	1118.0
143.0	1118.0
176.0	1118.0
209.0	1118.0
242.0	1118.0
275.0	1118.0
308.0	1118.0
342.0	1118.0
375.0	1118.0
408.0	1118.0
441.0	1118.0
474.0	1118.0
0.0	1119.0
3.0	1119.0
7.0	1119.0
11.0	1119.0
44.0	1119.0
76.0	1119.0
110.0	1119.0
143.0	1119.0
176.0	1119.0
209.0	1119.0
242.0	1119.0
275.0	1119.0
308.0	1119.0
342.0	1119.0
375.0	1119.0
408.0	1119.0
441.0	1119.0
474.0	1119.0
0.0	1120.0
3.0	1120.0
7.0	1120.0
11.0	1120.0
44.0	1120.0
76.0	1120.0
110.0	1120.0
143.0	1120.0
176.0	1120.0
209.0	1120.0
242.0	1120.0
275.0	1120.0
308.0	1120.0
342.0	1120.0
375.0	1120.0
408.0	1120.0
441.0	1120.0
474.0	1120.0
0.0	1121.0
3.0	1121.0
7.0	1121.0
11.0	1121.0
44.0	1121.0
76.0	1121.0
110.0	1121.0
143.0	1121.0
176.0	1121.0
209.0	1121.0
242.0	1121.0
275.0	1121.0
308.0	1121.0
342.0	1121.0
375.0	1121.0
408.0	1121.0
441.0	1121.0
474.0	1121.0
0.0	1122.0
3.0	1122.0
7.0	1122.0
11.0	1122.0
44.0	1122.0
76.0	1122.0
110.0	1122.0
143.0	1122.0
176.0	1122.0
209.0	1122.0
242.0	1122.0
275.0	1122.0
308.0	1122.0
342.0	1122.0
375.0	1122.0
408.0	1122.0
441.0	1122.0
474.0	1122.0
0.0	1123.0
3.0	1123.0
7.0	1123.0
11.0	1123.0
44.0	1123.0
76.0	1123.0
110.0	1123.0
143.0	1123.0
176.0	1123.0
209.0	1123.0
242.0	1123.0
275.0	1123.0
308.0	1123.0
342.0	1123.0
375.0	1123.0
408.0	1123.0
441.0	1123.0
474.0	1123.0
0.0	1124.0
3.0	1124.0
7.0	1124.0
11.0	1124.0
44.0	1124.0
76.0	1124.0
110.0	1124.0
143.0	1124.0
176.0	1124.0
209.0	1124.0
242.0	1124.0
275.0	1124.0
308.0	1124.0
342.0	1124.0
375.0	1124.0
408.0	1124.0
441.0	1124.0
474.0	1124.0
0.0	1125.0
3.0	1125.0
7.0	1125.0
11.0	1125.0
44.0	1125.0
76.0	1125.0
110.0	1125.0
143.0	1125.0
176.0	1125.0
209.0	1125.0
242.0	1125.0
275.0	1125.0
308.0	1125.0
342.0	1125.0
375.0	1125.0
408.0	1125.0
441.0	1125.0
474.0	1125.0
0.0	1126.0
3.0	1126.0
7.0	1126.0
11.0	1126.0
44.0	1126.0
76.0	1126.0
110.0	1126.0
143.0	1126.0
176.0	1126.0
209.0	1126.0
242.0	1126.0
275.0	1126.0
308.0	1126.0
342.0	1126.0
375.0	1126.0
408.0	1126.0
441.0	1126.0
474.0	1126.0
0.0	1127.0
3.0	1127.0
7.0	1127.0
11.0	1127.0
44.0	1127.0
76.0	1127.0
110.0	1127.0
143.0	1127.0
176.0	1127.0
209.0	1127.0
242.0	1127.0
275.0	1127.0
308.0	1127.0
342.0	1127.0
375.0	1127.0
408.0	1127.0
441.0	1127.0
474.0	1127.0
0.0	1128.0
3.0	1128.0
7.0	1128.0
11.0	1128.0
44.0	1128.0
76.0	1128.0
110.0	1128.0
143.0	1128.0
176.0	1128.0
209.0	1128.0
242.0	1128.0
275.0	1128.0
308.0	1128.0
342.0	1128.0
375.0	1128.0
408.0	1128.0
441.0	1128.0
474.0	1128.0
0.0	1129.0
3.0	1129.0
7.0	1129.0
11.0	1129.0
44.0	1129.0
76.0	1129.0
110.0	1129.0
143.0	1129.0
176.0	1129.0
209.0	1129.0
242.0	1129.0
275.0	1129.0
308.0	1129.0
342.0	1129.0
375.0	1129.0
408.0	1129.0
441.0	1129.0
474.0	1129.0
0.0	1130.0
3.0	1130.0
7.0	1130.0
11.0	1130.0
44.0	1130.0
76.0	1130.0
110.0	1130.0
143.0	1130.0
176.0	1130.0
209.0	1130.0
242.0	1130.0
275.0	1130.0
308.0	1130.0
342.0	1130.0
375.0	1130.0
408.0	1130.0
441.0	1130.0
474.0	1130.0
0.0	1131.0
3.0	1131.0
7.0	1131.0
11.0	1131.0
44.0	1131.0
76.0	1131.0
110.0	1131.0
143.0	1131.0
176.0	1131.0
209.0	1131.0
242.0	1131.0
275.0	1131.0
308.0	1131.0
342.0	1131.0
375.0	1131.0
408.0	1131.0
441.0	1131.0
474.0	1131.0
0.0	1132.0
3.0	1132.0
7.0	1132.0
11.0	1132.0
44.0	1132.0
76.0	1132.0
110.0	1132.0
143.0	1132.0
176.0	1132.0
209.0	1132.0
242.0	1132.0
275.0	1132.0
308.0	1132.0
342.0	1132.0
375.0	1132.0
408.0	1132.0
441.0	1132.0
474.0	1132.0
0.0	1164.0
3.0	1164.0
7.0	1164.0
11.0	1164.0
44.0	1164.0
76.0	1164.0
110.0	1164.0
143.0	1164.0
176.0	1164.0
209.0	1164.0
242.0	1164.0
275.0	1164.0
308.0	1164.0
342.0	1164.0
375.0	1164.0
408.0	1164.0
441.0	1164.0
474.0	1164.0
0.0	1165.0
3.0	1165.0
7.0	1165.0
11.0	1165.0
44.0	1165.0
76.0	1165.0
110.0	1165.0
143.0	1165.0
176.0	1165.0
209.0	1165.0
242.0	1165.0
275.0	1165.0
308.0	1165.0
342.0	1165.0
375.0	1165.0
408.0	1165.0
441.0	1165.0
474.0	1165.0
0.0	1166.0
3.0	1166.0
7.0	1166.0
11.0	1166.0
44.0	1166.0
76.0	1166.0
110.0	1166.0
143.0	1166.0
176.0	1166.0
209.0	1166.0
242.0	1166.0
275.0	1166.0
308.0	1166.0
342.0	1166.0
375.0	1166.0
408.0	1166.0
441.0	1166.0
474.0	1166.0
0.0	1167.0
3.0	1167.0
7.0	1167.0
11.0	1167.0
44.0	1167.0
76.0	1167.0
110.0	1167.0
143.0	1167.0
176.0	1167.0
209.0	1167.0
242.0	1167.0
275.0	1167.0
308.0	1167.0
342.0	1167.0
375.0	1167.0
408.0	1167.0
441.0	1167.0
474.0	1167.0
0.0	1168.0
3.0	1168.0
7.0	1168.0
11.0	1168.0
44.0	1168.0
76.0	1168.0
110.0	1168.0
143.0	1168.0
176.0	1168.0
209.0	1168.0
242.0	1168.0
275.0	1168.0
308.0	1168.0
342.0	1168.0
375.0	1168.0
408.0	1168.0
441.0	1168.0
474.0	1168.0
0.0	1169.0
3.0	1169.0
7.0	1169.0
11.0	1169.0
44.0	1169.0
76.0	1169.0
110.0	1169.0
143.0	1169.0
176.0	1169.0
209.0	1169.0
242.0	1169.0
275.0	1169.0
308.0	1169.0
342.0	1169.0
375.0	1169.0
408.0	1169.0
441.0	1169.0
474.0	1169.0
0.0	1170.0
3.0	1170.0
7.0	1170.0
11.0	1170.0
44.0	1170.0
76.0	1170.0
110.0	1170.0
143.0	1170.0
176.0	1170.0
209.0	1170.0
242.0	1170.0
275.0	1170.0
308.0	1170.0
342.0	1170.0
375.0	1170.0
408.0	1170.0
441.0	1170.0
474.0	1170.0
0.0	1171.0
3.0	1171.0
7.0	1171.0
11.0	1171.0
44.0	1171.0
76.0	1171.0
110.0	1171.0
143.0	1171.0
176.0	1171.0
209.0	1171.0
242.0	1171.0
275.0	1171.0
308.0	1171.0
342.0	1171.0
375.0	1171.0
408.0	1171.0
441.0	1171.0
474.0	1171.0
0.0	1172.0
3.0	1172.0
7.0	1172.0
11.0	1172.0
44.0	1172.0
76.0	1172.0
110.0	1172.0
143.0	1172.0
176.0	1172.0
209.0	1172.0
242.0	1172.0
275.0	1172.0
308.0	1172.0
342.0	1172.0
375.0	1172.0
408.0	1172.0
441.0	1172.0
474.0	1172.0
0.0	1173.0
3.0	1173.0
7.0	1173.0
11.0	1173.0
44.0	1173.0
76.0	1173.0
110.0	1173.0
143.0	1173.0
176.0	1173.0
209.0	1173.0
242.0	1173.0
275.0	1173.0
308.0	1173.0
342.0	1173.0
375.0	1173.0
408.0	1173.0
441.0	1173.0
474.0	1173.0
0.0	1174.0
3.0	1174.0
7.0	1174.0
11.0	1174.0
44.0	1174.0
76.0	1174.0
110.0	1174.0
143.0	1174.0
176.0	1174.0
209.0	1174.0
242.0	1174.0
275.0	1174.0
308.0	1174.0
342.0	1174.0
375.0	1174.0
408.0	1174.0
441.0	1174.0
474.0	1174.0
0.0	1175.0
3.0	1175.0
7.0	1175.0
11.0	1175.0
44.0	1175.0
76.0	1175.0
110.0	1175.0
143.0	1175.0
176.0	1175.0
209.0	1175.0
242.0	1175.0
275.0	1175.0
308.0	1175.0
342.0	1175.0
375.0	1175.0
408.0	1175.0
441.0	1175.0
474.0	1175.0
0.0	1176.0
3.0	1176.0
7.0	1176.0
11.0	1176.0
44.0	1176.0
76.0	1176.0
110.0	1176.0
143.0	1176.0
176.0	1176.0
209.0	1176.0
242.0	1176.0
275.0	1176.0
308.0	1176.0
342.0	1176.0
375.0	1176.0
408.0	1176.0
441.0	1176.0
474.0	1176.0
0.0	1177.0
3.0	1177.0
7.0	1177.0
11.0	1177.0
44.0	1177.0
76.0	1177.0
110.0	1177.0
143.0	1177.0
176.0	1177.0
209.0	1177.0
242.0	1177.0
275.0	1177.0
308.0	1177.0
342.0	1177.0
375.0	1177.0
408.0	1177.0
441.0	1177.0
474.0	1177.0
0.0	1178.0
3.0	1178.0
7.0	1178.0
11.0	1178.0
44.0	1178.0
76.0	1178.0
110.0	1178.0
143.0	1178.0
176.0	1178.0
209.0	1178.0
242.0	1178.0
275.0	1178.0
308.0	1178.0
342.0	1178.0
375.0	1178.0
408.0	1178.0
441.0	1178.0
474.0	1178.0
0.0	1179.0
3.0	1179.0
7.0	1179.0
11.0	1179.0
44.0	1179.0
76.0	1179.0
110.0	1179.0
143.0	1179.0
176.0	1179.0
209.0	1179.0
242.0	1179.0
275.0	1179.0
308.0	1179.0
342.0	1179.0
375.0	1179.0
408.0	1179.0
441.0	1179.0
474.0	1179.0
0.0	1180.0
3.0	1180.0
7.0	1180.0
11.0	1180.0
44.0	1180.0
76.0	1180.0
110.0	1180.0
143.0	1180.0
176.0	1180.0
209.0	1180.0
242.0	1180.0
275.0	1180.0
308.0	1180.0
342.0	1180.0
375.0	1180.0
408.0	1180.0
441.0	1180.0
474.0	1180.0
0.0	1181.0
3.0	1181.0
7.0	1181.0
11.0	1181.0
44.0	1181.0
76.0	1181.0
110.0	1181.0
143.0	1181.0
176.0	1181.0
209.0	1181.0
242.0	1181.0
275.0	1181.0
308.0	1181.0
342.0	1181.0
375.0	1181.0
408.0	1181.0
441.0	1181.0
474.0	1181.0
0.0	1182.0
3.0	1182.0
7.0	1182.0
11.0	1182.0
44.0	1182.0
76.0	1182.0
110.0	1182.0
143.0	1182.0
176.0	1182.0
209.0	1182.0
242.0	1182.0
275.0	1182.0
308.0	1182.0
342.0	1182.0
375.0	1182.0
408.0	1182.0
441.0	1182.0
474.0	1182.0
0.0	1183.0
3.0	1183.0
7.0	1183.0
11.0	1183.0
44.0	1183.0
76.0	1183.0
110.0	1183.0
143.0	1183.0
176.0	1183.0
209.0	1183.0
242.0	1183.0
275.0	1183.0
308.0	1183.0
342.0	1183.0
375.0	1183.0
408.0	1183.0
441.0	1183.0
474.0	1183.0
0.0	1184.0
3.0	1184.0
7.0	1184.0
11.0	1184.0
44.0	1184.0
76.0	1184.0
110.0	1184.0
143.0	1184.0
176.0	1184.0
209.0	1184.0
242.0	1184.0
275.0	1184.0
308.0	1184.0
342.0	1184.0
375.0	1184.0
408.0	1184.0
441.0	1184.0
474.0	1184.0
0.0	1185.0
3.0	1185.0
7.0	1185.0
11.0	1185.0
44.0	1185.0
76.0	1185.0
110.0	1185.0
143.0	1185.0
176.0	1185.0
209.0	1185.0
242.0	1185.0
275.0	1185.0
308.0	1185.0
342.0	1185.0
375.0	1185.0
408.0	1185.0
441.0	1185.0
474.0	1185.0
0.0	1186.0
3.0	1186.0
7.0	1186.0
11.0	1186.0
44.0	1186.0
76.0	1186.0
110.0	1186.0
143.0	1186.0
176.0	1186.0
209.0	1186.0
242.0	1186.0
275.0	1186.0
308.0	1186.0
342.0	1186.0
375.0	1186.0
408.0	1186.0
441.0	1186.0
474.0	1186.0
0.0	1187.0
3.0	1187.0
7.0	1187.0
11.0	1187.0
44.0	1187.0
76.0	1187.0
110.0	1187.0
143.0	1187.0
176.0	1187.0
209.0	1187.0
242.0	1187.0
275.0	1187.0
308.0	1187.0
342.0	1187.0
375.0	1187.0
408.0	1187.0
441.0	1187.0
474.0	1187.0
0.0	1188.0
3.0	1188.0
7.0	1188.0
11.0	1188.0
44.0	1188.0
76.0	1188.0
110.0	1188.0
143.0	1188.0
176.0	1188.0
209.0	1188.0
242.0	1188.0
275.0	1188.0
308.0	1188.0
342.0	1188.0
375.0	1188.0
408.0	1188.0
441.0	1188.0
474.0	1188.0
0.0	1189.0
3.0	1189.0
8.0	1189.0
12.0	1189.0
111.0	1189.0
143.0	1189.0
176.0	1189.0
243.0	1189.0
343.0	1189.0
375.0	1189.0
1.0	1190.0
111.0	1190.0
177.0	1190.0
243.0	1190.0
343.0	1190.0
375.0	1190.0
0.0	1228.0
3.0	1228.0
7.0	1228.0
11.0	1228.0
44.0	1228.0
76.0	1228.0
110.0	1228.0
143.0	1228.0
176.0	1228.0
209.0	1228.0
242.0	1228.0
275.0	1228.0
308.0	1228.0
342.0	1228.0
375.0	1228.0
408.0	1228.0
441.0	1228.0
474.0	1228.0
0.0	1229.0
3.0	1229.0
7.0	1229.0
11.0	1229.0
44.0	1229.0
76.0	1229.0
110.0	1229.0
143.0	1229.0
176.0	1229.0
209.0	1229.0
242.0	1229.0
275.0	1229.0
308.0	1229.0
342.0	1229.0
375.0	1229.0
408.0	1229.0
441.0	1229.0
474.0	1229.0
0.0	1230.0
3.0	1230.0
7.0	1230.0
11.0	1230.0
44.0	1230.0
76.0	1230.0
110.0	1230.0
143.0	1230.0
176.0	1230.0
209.0	1230.0
242.0	1230.0
275.0	1230.0
308.0	1230.0
342.0	1230.0
375.0	1230.0
408.0	1230.0
441.0	1230.0
474.0	1230.0
0.0	1231.0
3.0	1231.0
7.0	1231.0
11.0	1231.0
44.0	1231.0
76.0	1231.0
110.0	1231.0
143.0	1231.0
176.0	1231.0
209.0	1231.0
242.0	1231.0
275.0	1231.0
308.0	1231.0
342.0	1231.0
375.0	1231.0
408.0	1231.0
441.0	1231.0
474.0	1231.0
0.0	1232.0
3.0	1232.0
7.0	1232.0
11.0	1232.0
44.0	1232.0
76.0	1232.0
110.0	1232.0
143.0	1232.0
176.0	1232.0
209.0	1232.0
242.0	1232.0
275.0	1232.0
308.0	1232.0
342.0	1232.0
375.0	1232.0
408.0	1232.0
441.0	1232.0
474.0	1232.0
0.0	1233.0
3.0	1233.0
7.0	1233.0
11.0	1233.0
44.0	1233.0
76.0	1233.0
110.0	1233.0
143.0	1233.0
176.0	1233.0
209.0	1233.0
242.0	1233.0
275.0	1233.0
308.0	1233.0
342.0	1233.0
375.0	1233.0
408.0	1233.0
441.0	1233.0
474.0	1233.0
0.0	1234.0
3.0	1234.0
7.0	1234.0
11.0	1234.0
44.0	1234.0
76.0	1234.0
110.0	1234.0
143.0	1234.0
176.0	1234.0
209.0	1234.0
242.0	1234.0
275.0	1234.0
308.0	1234.0
342.0	1234.0
375.0	1234.0
408.0	1234.0
441.0	1234.0
474.0	1234.0
0.0	1235.0
3.0	1235.0
7.0	1235.0
11.0	1235.0
44.0	1235.0
76.0	1235.0
110.0	1235.0
143.0	1235.0
176.0	1235.0
209.0	1235.0
242.0	1235.0
275.0	1235.0
308.0	1235.0
342.0	1235.0
375.0	1235.0
408.0	1235.0
441.0	1235.0
474.0	1235.0
0.0	1236.0
3.0	1236.0
7.0	1236.0
11.0	1236.0
44.0	1236.0
76.0	1236.0
110.0	1236.0
143.0	1236.0
176.0	1236.0
209.0	1236.0
242.0	1236.0
275.0	1236.0
308.0	1236.0
342.0	1236.0
375.0	1236.0
408.0	1236.0
441.0	1236.0
474.0	1236.0
0.0	1237.0
3.0	1237.0
7.0	1237.0
11.0	1237.0
44.0	1237.0
76.0	1237.0
110.0	1237.0
143.0	1237.0
176.0	1237.0
209.0	1237.0
242.0	1237.0
275.0	1237.0
308.0	1237.0
342.0	1237.0
375.0	1237.0
408.0	1237.0
441.0	1237.0
474.0	1237.0
0.0	1238.0
3.0	1238.0
7.0	1238.0
11.0	1238.0
44.0	1238.0
76.0	1238.0
110.0	1238.0
143.0	1238.0
176.0	1238.0
209.0	1238.0
242.0	1238.0
275.0	1238.0
308.0	1238.0
342.0	1238.0
375.0	1238.0
408.0	1238.0
441.0	1238.0
474.0	1238.0
0.0	1239.0
3.0	1239.0
7.0	1239.0
11.0	1239.0
44.0	1239.0
76.0	1239.0
110.0	1239.0
143.0	1239.0
176.0	1239.0
209.0	1239.0
242.0	1239.0
275.0	1239.0
308.0	1239.0
342.0	1239.0
375.0	1239.0
408.0	1239.0
441.0	1239.0
474.0	1239.0
0.0	1240.0
3.0	1240.0
7.0	1240.0
11.0	1240.0
44.0	1240.0
76.0	1240.0
110.0	1240.0
143.0	1240.0
176.0	1240.0
209.0	1240.0
242.0	1240.0
275.0	1240.0
308.0	1240.0
342.0	1240.0
375.0	1240.0
408.0	1240.0
441.0	1240.0
474.0	1240.0
0.0	1241.0
3.0	1241.0
7.0	1241.0
11.0	1241.0
44.0	1241.0
76.0	1241.0
110.0	1241.0
143.0	1241.0
176.0	1241.0
209.0	1241.0
242.0	1241.0
275.0	1241.0
308.0	1241.0
342.0	1241.0
375.0	1241.0
408.0	1241.0
441.0	1241.0
474.0	1241.0
0.0	1242.0
3.0	1242.0
7.0	1242.0
11.0	1242.0
44.0	1242.0
76.0	1242.0
110.0	1242.0
143.0	1242.0
176.0	1242.0
209.0	1242.0
242.0	1242.0
275.0	1242.0
308.0	1242.0
342.0	1242.0
375.0	1242.0
408.0	1242.0
441.0	1242.0
474.0	1242.0
0.0	1243.0
3.0	1243.0
7.0	1243.0
11.0	1243.0
44.0	1243.0
76.0	1243.0
110.0	1243.0
143.0	1243.0
176.0	1243.0
209.0	1243.0
242.0	1243.0
275.0	1243.0
308.0	1243.0
342.0	1243.0
375.0	1243.0
408.0	1243.0
441.0	1243.0
474.0	1243.0
0.0	1244.0
3.0	1244.0
7.0	1244.0
11.0	1244.0
44.0	1244.0
76.0	1244.0
110.0	1244.0
143.0	1244.0
176.0	1244.0
209.0	1244.0
242.0	1244.0
275.0	1244.0
308.0	1244.0
342.0	1244.0
375.0	1244.0
408.0	1244.0
441.0	1244.0
474.0	1244.0
0.0	1245.0
3.0	1245.0
7.0	1245.0
11.0	1245.0
44.0	1245.0
76.0	1245.0
110.0	1245.0
143.0	1245.0
176.0	1245.0
209.0	1245.0
242.0	1245.0
275.0	1245.0
308.0	1245.0
342.0	1245.0
375.0	1245.0
408.0	1245.0
441.0	1245.0
474.0	1245.0
0.0	1246.0
4.0	1246.0
111.0	1246.0
177.0	1246.0
243.0	1246.0
343.0	1246.0
375.0	1246.0
1.0	1247.0
111.0	1247.0
177.0	1247.0
243.0	1247.0
343.0	1247.0
375.0	1247.0
0.0	1292.0
3.0	1292.0
7.0	1292.0
11.0	1292.0
77.0	1292.0
110.0	1292.0
143.0	1292.0
176.0	1292.0
209.0	1292.0
242.0	1292.0
275.0	1292.0
308.0	1292.0
342.0	1292.0
375.0	1292.0
408.0	1292.0
475.0	1292.0
0.0	1293.0
3.0	1293.0
7.0	1293.0
11.0	1293.0
44.0	1293.0
76.0	1293.0
110.0	1293.0
143.0	1293.0
176.0	1293.0
209.0	1293.0
242.0	1293.0
275.0	1293.0
308.0	1293.0
342.0	1293.0
375.0	1293.0
408.0	1293.0
441.0	1293.0
474.0	1293.0
0.0	1294.0
3.0	1294.0
7.0	1294.0
11.0	1294.0
44.0	1294.0
76.0	1294.0
110.0	1294.0
143.0	1294.0
176.0	1294.0
209.0	1294.0
242.0	1294.0
275.0	1294.0
308.0	1294.0
342.0	1294.0
375.0	1294.0
408.0	1294.0
441.0	1294.0
474.0	1294.0
0.0	1295.0
3.0	1295.0
7.0	1295.0
11.0	1295.0
44.0	1295.0
76.0	1295.0
110.0	1295.0
143.0	1295.0
176.0	1295.0
209.0	1295.0
242.0	1295.0
275.0	1295.0
308.0	1295.0
342.0	1295.0
375.0	1295.0
408.0	1295.0
441.0	1295.0
474.0	1295.0
0.0	1296.0
3.0	1296.0
7.0	1296.0
11.0	1296.0
44.0	1296.0
76.0	1296.0
110.0	1296.0
143.0	1296.0
176.0	1296.0
209.0	1296.0
242.0	1296.0
275.0	1296.0
308.0	1296.0
342.0	1296.0
375.0	1296.0
408.0	1296.0
441.0	1296.0
474.0	1296.0
0.0	1297.0
3.0	1297.0
7.0	1297.0
11.0	1297.0
44.0	1297.0
76.0	1297.0
110.0	1297.0
143.0	1297.0
176.0	1297.0
209.0	1297.0
242.0	1297.0
275.0	1297.0
308.0	1297.0
342.0	1297.0
375.0	1297.0
408.0	1297.0
441.0	1297.0
474.0	1297.0
0.0	1298.0
3.0	1298.0
7.0	1298.0
11.0	1298.0
44.0	1298.0
76.0	1298.0
110.0	1298.0
143.0	1298.0
176.0	1298.0
209.0	1298.0
242.0	1298.0
275.0	1298.0
308.0	1298.0
342.0	1298.0
375.0	1298.0
408.0	1298.0
441.0	1298.0
474.0	1298.0
0.0	1299.0
3.0	1299.0
7.0	1299.0
11.0	1299.0
44.0	1299.0
76.0	1299.0
110.0	1299.0
143.0	1299.0
176.0	1299.0
209.0	1299.0
242.0	1299.0
275.0	1299.0
308.0	1299.0
342.0	1299.0
375.0	1299.0
408.0	1299.0
441.0	1299.0
474.0	1299.0
0.0	1300.0
3.0	1300.0
7.0	1300.0
11.0	1300.0
44.0	1300.0
76.0	1300.0
110.0	1300.0
143.0	1300.0
176.0	1300.0
209.0	1300.0
242.0	1300.0
275.0	1300.0
308.0	1300.0
342.0	1300.0
375.0	1300.0
408.0	1300.0
441.0	1300.0
474.0	1300.0
0.0	1301.0
3.0	1301.0
7.0	1301.0
11.0	1301.0
44.0	1301.0
76.0	1301.0
110.0	1301.0
143.0	1301.0
176.0	1301.0
209.0	1301.0
242.0	1301.0
275.0	1301.0
308.0	1301.0
342.0	1301.0
375.0	1301.0
408.0	1301.0
441.0	1301.0
474.0	1301.0
0.0	1302.0
3.0	1302.0
7.0	1302.0
11.0	1302.0
44.0	1302.0
76.0	1302.0
110.0	1302.0
143.0	1302.0
176.0	1302.0
209.0	1302.0
242.0	1302.0
275.0	1302.0
308.0	1302.0
342.0	1302.0
375.0	1302.0
408.0	1302.0
441.0	1302.0
474.0	1302.0
0.0	1303.0
3.0	1303.0
7.0	1303.0
11.0	1303.0
44.0	1303.0
76.0	1303.0
110.0	1303.0
177.0	1303.0
209.0	1303.0
242.0	1303.0
275.0	1303.0
308.0	1303.0
342.0	1303.0
375.0	1303.0
408.0	1303.0
441.0	1303.0
474.0	1303.0
1.0	1304.0
111.0	1304.0
177.0	1304.0
243.0	1304.0
343.0	1304.0
375.0	1304.0
0.0	1356.0
3.0	1356.0
7.0	1356.0
11.0	1356.0
77.0	1356.0
110.0	1356.0
143.0	1356.0
176.0	1356.0
209.0	1356.0
242.0	1356.0
275.0	1356.0
308.0	1356.0
342.0	1356.0
375.0	1356.0
408.0	1356.0
475.0	1356.0
0.0	1357.0
3.0	1357.0
7.0	1357.0
11.0	1357.0
44.0	1357.0
76.0	1357.0
110.0	1357.0
143.0	1357.0
176.0	1357.0
209.0	1357.0
242.0	1357.0
275.0	1357.0
308.0	1357.0
342.0	1357.0
375.0	1357.0
408.0	1357.0
441.0	1357.0
474.0	1357.0
0.0	1358.0
3.0	1358.0
7.0	1358.0
11.0	1358.0
44.0	1358.0
76.0	1358.0
110.0	1358.0
143.0	1358.0
176.0	1358.0
209.0	1358.0
242.0	1358.0
275.0	1358.0
308.0	1358.0
342.0	1358.0
375.0	1358.0
408.0	1358.0
441.0	1358.0
474.0	1358.0
0.0	1359.0
3.0	1359.0
7.0	1359.0
11.0	1359.0
44.0	1359.0
76.0	1359.0
110.0	1359.0
143.0	1359.0
176.0	1359.0
209.0	1359.0
242.0	1359.0
275.0	1359.0
308.0	1359.0
342.0	1359.0
375.0	1359.0
408.0	1359.0
441.0	1359.0
474.0	1359.0
0.0	1360.0
3.0	1360.0
7.0	1360.0
11.0	1360.0
44.0	1360.0
76.0	1360.0
110.0	1360.0
143.0	1360.0
176.0	1360.0
209.0	1360.0
242.0	1360.0
275.0	1360.0
308.0	1360.0
342.0	1360.0
375.0	1360.0
408.0	1360.0
441.0	1360.0
474.0	1360.0
0.0	1361.0
3.0	1361.0
7.0	1361.0
11.0	1361.0
44.0	1361.0
76.0	1361.0
110.0	1361.0
143.0	1361.0
176.0	1361.0
209.0	1361.0
242.0	1361.0
275.0	1361.0
308.0	1361.0
342.0	1361.0
375.0	1361.0
442.0	1361.0
474.0	1361.0
1.0	1362.0
111.0	1362.0
243.0	1362.0
343.0	1362.0
